0.563003 0.270979
0.519368 0.376364
0.597146 0.419633
0.601731 0.50365
0.708446 0.530608
0.403215 0.40355
0.37875 0.509038
0.354553 0.606405
0.563139 0.565906
0.597108 0.703923
1 0
0.451532 0.568569
0.44169 0.698381
0.39796 0.806626
0.509706 0.487429
next pose
0.563003 0.270979
0.519368 0.376364
0.597146 0.419633
0.601731 0.50365
0.708446 0.530608
0.403215 0.40355
0.37875 0.509038
0.354553 0.606405
0.563139 0.565906
0.597108 0.703923
1 0
0.451532 0.568569
0.44169 0.698381
0.39796 0.806626
0.509706 0.487429
next pose
0.524293 0.273693
0.50964 0.376377
0.59218 0.419628
0.592009 0.506302
0.674769 0.530703
0.398215 0.40364
0.36426 0.509013
0.344854 0.606444
0.548447 0.565825
0.587138 0.703848
1 0
0.437118 0.563164
0.422427 0.701132
0.393275 0.809249
0.490309 0.487433
next pose
0.519175 0.284458
0.48091 0.376568
0.567981 0.419746
0.572716 0.495573
0.645421 0.530751
0.383685 0.408957
0.35925 0.509044
0.325686 0.60377
0.529142 0.568544
0.563054 0.714642
1 0
0.417539 0.565906
0.403152 0.695772
0.393324 0.809355
0.475829 0.48754
next pose
0.490362 0.287129
0.475766 0.379105
0.558324 0.419879
0.563031 0.506192
0.630711 0.538825
0.364446 0.411678
0.34492 0.506411
0.325372 0.595775
0.514544 0.571363
0.553082 0.706587
1 0
0.407816 0.571268
0.398336 0.69848
0.393372 0.809394
0.466078 0.492806
next pose
0.475942 0.287234
0.466085 0.379156
0.558125 0.422381
0.558108 0.506193
0.601897 0.546967
0.359313 0.414347
0.330363 0.508956
0.320856 0.59568
0.509603 0.568619
0.519362 0.70391
1 0
0.402883 0.568529
0.393277 0.698455
0.393174 0.809427
0.451533 0.490148
next pose
0.470781 0.289868
0.442004 0.379253
0.529016 0.419614
0.543678 0.500958
0.591957 0.552339
0.349768 0.414373
0.325563 0.506461
0.320674 0.595641
0.509593 0.565807
0.543645 0.706619
0.596782 0.849974
0.398136 0.565872
0.393238 0.701036
0.393344 0.809408
0.441973 0.487517
next pose
0.470781 0.289868
0.442004 0.379253
0.529016 0.419614
0.543678 0.500958
0.591957 0.552339
0.349768 0.414373
0.325563 0.506461
0.320674 0.595641
0.509593 0.565807
0.543645 0.706619
0.596782 0.849974
0.398136 0.565872
0.393238 0.701036
0.393344 0.809408
0.441973 0.487517
next pose
0.451561 0.289913
0.43702 0.37926
0.519481 0.417093
0.529004 0.503559
0.567866 0.557764
0.330432 0.41696
0.325395 0.506452
0.320543 0.595577
0.490235 0.568551
0.524395 0.703763
0.553446 0.82829
0.388581 0.571233
0.393302 0.701138
0.393356 0.812006
0.436828 0.490111
next pose
0.441927 0.289952
0.432202 0.379158
0.51475 0.41696
0.524275 0.503641
0.558182 0.568624
0.32563 0.414371
0.320429 0.509112
0.315709 0.592973
0.485518 0.560445
0.524203 0.70112
0.553122 0.828304
0.378895 0.565816
0.393398 0.698464
0.3934 0.809476
0.432136 0.487432
next pose
0.437107 0.289996
0.427296 0.379148
0.514569 0.417065
0.519414 0.503681
0.553376 0.574065
0.325308 0.414382
0.310955 0.506316
0.306178 0.590191
0.48074 0.560466
0.51934 0.698443
0.533984 0.817492
0.36916 0.563123
0.393426 0.698368
0.397967 0.809449
0.427199 0.487453
next pose
0.437107 0.289996
0.427296 0.379148
0.514569 0.417065
0.519414 0.503681
0.553376 0.574065
0.325308 0.414382
0.310955 0.506316
0.306178 0.590191
0.48074 0.560466
0.51934 0.698443
0.533984 0.817492
0.36916 0.563123
0.393426 0.698368
0.397967 0.809449
0.427199 0.487453
next pose
0.436904 0.289979
0.417618 0.379152
0.514322 0.417093
0.519363 0.506202
0.553136 0.576726
0.320655 0.414394
0.301206 0.506276
0.291668 0.590202
0.480671 0.552425
0.499924 0.693004
0.500019 0.809435
0.369026 0.555094
0.393261 0.690361
0.393342 0.809331
0.417651 0.487324
next pose
0.432104 0.292541
0.412762 0.379203
0.509696 0.419635
0.51929 0.506231
0.553045 0.574133
0.320602 0.41706
0.291667 0.508969
0.286892 0.5929
0.480649 0.552433
0.480622 0.684969
0.475977 0.801265
0.369055 0.557727
0.398017 0.6876
0.393364 0.809301
0.417604 0.487383
next pose
0.43198 0.292583
0.412682 0.379261
0.509697 0.419625
0.519297 0.50362
0.553074 0.576684
0.320597 0.417101
0.291671 0.508932
0.286747 0.592974
0.480654 0.552312
0.470948 0.690325
0.47094 0.801247
0.364462 0.552456
0.383649 0.69031
0.39335 0.809302
0.417602 0.48732
next pose
0.427281 0.292661
0.408069 0.379276
0.509652 0.419663
0.519237 0.503596
0.553277 0.576657
0.320548 0.417105
0.291509 0.508953
0.286586 0.592993
0.480413 0.552418
0.47074 0.690363
0.456346 0.790552
0.364335 0.552443
0.378735 0.69033
0.393332 0.80926
0.412861 0.487358
next pose
0.427166 0.295252
0.408105 0.379328
0.509625 0.417103
0.519267 0.50359
0.553459 0.574041
0.320665 0.417097
0.291617 0.508966
0.286503 0.593037
0.480483 0.552268
0.4661 0.684962
0.45631 0.790565
0.364485 0.552402
0.378795 0.684952
0.393378 0.809259
0.417596 0.484809
next pose
0.427166 0.295252
0.408105 0.379328
0.509625 0.417103
0.519267 0.50359
0.553459 0.574041
0.320665 0.417097
0.291617 0.508966
0.286503 0.593037
0.480483 0.552268
0.4661 0.684962
0.45631 0.790565
0.364485 0.552402
0.378795 0.684952
0.393378 0.809259
0.417596 0.484809
next pose
0.427234 0.295344
0.412808 0.381852
0.509671 0.419718
0.519485 0.506266
0.553491 0.574078
0.320805 0.419625
0.301169 0.50639
0.286549 0.593
0.47587 0.552277
0.466027 0.684883
0.451592 0.793129
0.364345 0.552449
0.378883 0.682329
0.393286 0.809249
0.41286 0.487336
next pose
0.427251 0.295362
0.417632 0.381863
0.514285 0.419652
0.519606 0.506279
0.558019 0.574053
0.325379 0.417108
0.306164 0.506351
0.286696 0.592948
0.48042 0.552327
0.466136 0.682188
0.451635 0.790554
0.369119 0.555032
0.373982 0.682229
0.393305 0.806714
0.417697 0.487325
next pose
0.431938 0.295407
0.42715 0.381837
0.514407 0.419693
0.52424 0.50638
0.558122 0.573982
0.325661 0.419612
0.315744 0.506298
0.286852 0.592871
0.480612 0.552399
0.475543 0.682334
0.461134 0.793153
0.373976 0.555101
0.393275 0.68493
0.393411 0.809252
0.427358 0.487377
next pose
0.431938 0.295407
0.42715 0.381837
0.514407 0.419693
0.52424 0.50638
0.558122 0.573982
0.325661 0.419612
0.315744 0.506298
0.286852 0.592871
0.480612 0.552399
0.475543 0.682334
0.461134 0.793153
0.373976 0.555101
0.393275 0.68493
0.393411 0.809252
0.427358 0.487377
next pose
0.432209 0.298005
0.427237 0.381895
0.514475 0.419718
0.524363 0.506289
0.558106 0.571352
0.325711 0.419653
0.32059 0.508933
0.291658 0.590189
0.480701 0.552291
0.470975 0.682332
0.461168 0.793196
0.378753 0.555024
0.393285 0.684897
0.39341 0.806693
0.431983 0.487337
next pose
0.436741 0.298028
0.431918 0.381907
0.514568 0.419772
0.52913 0.506346
0.558276 0.573917
0.330345 0.419655
0.325369 0.506401
0.315688 0.584762
0.480784 0.552306
0.475528 0.684874
0.46115 0.793196
0.388477 0.552427
0.393282 0.68494
0.393383 0.806651
0.432155 0.487323
next pose
0.436895 0.300738
0.432096 0.381924
0.514673 0.41973
0.533868 0.506222
0.558218 0.571258
0.335123 0.419694
0.325537 0.506208
0.320656 0.584843
0.485365 0.549699
0.475695 0.682248
0.45639 0.790515
0.393157 0.552272
0.398148 0.682288
0.39332 0.803975
0.436811 0.484773
next pose
0.436983 0.30068
0.432165 0.381973
0.51475 0.419722
0.529191 0.506269
0.558255 0.571199
0.339959 0.419745
0.325647 0.50637
0.325409 0.587445
0.485413 0.552413
0.475808 0.682268
0.456421 0.790512
0.393359 0.555024
0.398148 0.682306
0.393383 0.806586
0.436886 0.487383
next pose
0.436883 0.298004
0.436683 0.381967
0.519281 0.419683
0.533943 0.50356
0.558329 0.571245
0.340066 0.419805
0.325744 0.506389
0.325745 0.584823
0.490233 0.552383
0.475945 0.684892
0.456355 0.790537
0.398011 0.552472
0.398334 0.682314
0.393379 0.80668
0.437056 0.48738
next pose
0.436883 0.298004
0.436683 0.381967
0.519281 0.419683
0.533943 0.50356
0.558329 0.571245
0.340066 0.419805
0.325744 0.506389
0.325745 0.584823
0.490233 0.552383
0.475945 0.684892
0.456355 0.790537
0.398011 0.552472
0.398334 0.682314
0.393379 0.80668
0.437056 0.48738
next pose
0.436929 0.29799
0.436808 0.381993
0.519528 0.419673
0.543688 0.503559
0.562942 0.571314
0.340081 0.419793
0.325752 0.506376
0.330327 0.584823
0.490384 0.552274
0.480502 0.684986
0.451593 0.790544
0.398041 0.552371
0.402869 0.687642
0.393436 0.80398
0.437135 0.487309
next pose
0.437008 0.29804
0.436871 0.384603
0.519606 0.419691
0.548573 0.500925
0.563112 0.573878
0.344774 0.419858
0.325743 0.508931
0.325678 0.582159
0.495137 0.549728
0.48065 0.692976
0.456339 0.793179
0.393384 0.552336
0.398235 0.690351
0.393253 0.795866
0.437137 0.487314
next pose
0.43704 0.303372
0.436844 0.384652
0.519375 0.419868
0.548417 0.506398
0.58246 0.579431
0.344927 0.419863
0.33026 0.506351
0.315771 0.576732
0.490307 0.555131
0.485537 0.684873
0.465946 0.790528
0.38857 0.563187
0.398284 0.690327
0.398214 0.790455
0.436981 0.490085
next pose
0.43704 0.303372
0.436844 0.384652
0.519375 0.419868
0.548417 0.506398
0.58246 0.579431
0.344927 0.419863
0.33026 0.506351
0.315771 0.576732
0.490307 0.555131
0.485537 0.684873
0.465946 0.790528
0.38857 0.563187
0.398284 0.690327
0.398214 0.790455
0.436981 0.490085
next pose
0.436955 0.306087
0.436722 0.389957
0.519258 0.422425
0.553117 0.506338
0.591972 0.573923
0.344815 0.422487
0.320542 0.506224
0.281925 0.565857
0.490261 0.554995
0.490405 0.684874
0.466053 0.787742
0.393289 0.555115
0.398128 0.682171
0.398362 0.787698
0.436925 0.487542
next pose
0.437162 0.311527
0.432205 0.395408
0.514511 0.422486
0.548491 0.487315
0.591965 0.544191
0.339979 0.422557
0.310861 0.484704
0.281731 0.506333
0.480888 0.555019
0.514747 0.665998
0.50004 0.766137
0.393254 0.555095
0.393398 0.676752
0.403235 0.785018
0.436731 0.490077
next pose
0.441695 0.316958
0.4367 0.400778
0.514641 0.427912
0.553161 0.481964
1 0
0.330505 0.425243
0.277027 0.481905
0.252801 0.484757
0.485508 0.574116
0.592013 0.682276
0.504897 0.78778
0.383724 0.576773
0.398001 0.695743
0.403052 0.790392
0.432198 0.50624
next pose
0.436887 0.319718
0.432144 0.403612
0.519405 0.44132
0.582472 0.484586
0.635941 0.528029
0.325695 0.438684
0.22844 0.465735
1 0
0.490402 0.587485
0.625942 0.676809
0.553061 0.76615
0.378871 0.592805
0.388531 0.703952
0.407849 0.790398
0.436717 0.509197
next pose
0.427216 0.317009
0.432159 0.406202
0.524211 0.438597
0.625895 0.468489
0.669726 0.509017
0.325563 0.427839
1 0
1 0
0.495082 0.584779
0.664914 0.657935
0.558228 0.749929
0.3789 0.590135
0.383573 0.706526
0.403285 0.790389
0.436849 0.509
next pose
0.43201 0.311458
0.432073 0.398119
0.524205 0.40095
1 0
1 0
0.325411 0.398131
0.175213 0.379253
1 0
0.485655 0.565814
0.669617 0.644385
0.55815 0.744455
0.388519 0.568612
0.403021 0.679595
0.407868 0.787733
0.436751 0.484704
next pose
0.43201 0.311458
0.432073 0.398119
0.524205 0.40095
1 0
1 0
0.325411 0.398131
0.175213 0.379253
1 0
0.485655 0.565814
0.669617 0.644385
0.55815 0.744455
0.388519 0.568612
0.403021 0.679595
0.407868 0.787733
0.436751 0.484704
next pose
0.42719 0.289884
0.432112 0.379155
0.519621 0.395436
1 0
1 0
0.325611 0.384566
0.209405 0.338641
1 0
0.48541 0.544194
0.659875 0.641722
0.538856 0.739005
0.393415 0.549594
0.403119 0.679599
0.407813 0.787782
0.43676 0.465711
next pose
0.432068 0.270904
0.432129 0.360341
0.51457 0.384558
1 0
1 0
0.34489 0.36032
0.24805 0.311522
1 0
0.500012 0.525293
0.626126 0.639058
0.534011 0.736347
0.398266 0.527885
0.398029 0.660513
0.398004 0.771578
0.437046 0.44684
next pose
0.436876 0.262868
0.43681 0.354672
0.514299 0.373662
1 0
1 0
0.359333 0.35743
0.28173 0.29256
1 0
0.509697 0.514531
0.596745 0.655071
0.519673 0.744345
0.403078 0.522595
0.374002 0.647051
0.378869 0.749832
0.441752 0.4414
next pose
0.436876 0.262868
0.43681 0.354672
0.514299 0.373662
1 0
1 0
0.359333 0.35743
0.28173 0.29256
1 0
0.509697 0.514531
0.596745 0.655071
0.519673 0.744345
0.403078 0.522595
0.374002 0.647051
0.378869 0.749832
0.441752 0.4414
next pose
0.43194 0.265556
0.437127 0.354764
0.514382 0.360187
0.587334 0.289973
0.587259 0.203378
0.364315 0.360244
0.291453 0.289947
0.32555 0.214156
0.51461 0.51171
0.553431 0.636205
0.52417 0.747138
0.41268 0.517121
0.349755 0.641694
1 0
0.442111 0.44133
next pose
0.441734 0.284407
0.446628 0.360206
0.519455 0.362903
0.577558 0.289886
0.55823 0.203341
0.373929 0.376458
0.291728 0.303427
0.354631 0.24668
0.519665 0.519874
0.519664 0.649754
0.509653 0.760691
0.436876 0.522563
0.315721 0.641699
1 0
0.470868 0.44412
next pose
0.4419 0.29527
0.461259 0.376368
0.533982 0.379132
0.57756 0.29268
0.524211 0.222296
0.393223 0.398079
0.286982 0.333125
0.354649 0.284456
0.538747 0.536134
0.514655 0.676816
0.509589 0.779656
0.441905 0.533499
0.252824 0.636294
0.398179 0.660589
0.475951 0.463102
next pose
0.441909 0.30886
0.461276 0.38464
0.543534 0.390032
0.577642 0.314348
0.529152 0.268325
0.388466 0.400817
0.277057 0.362926
0.325609 0.311618
0.553291 0.55514
0.519568 0.682226
0.504793 0.771575
0.446644 0.552309
0.238293 0.61739
0.359531 0.671378
0.480499 0.479236
next pose
0.446618 0.311409
0.470712 0.395426
0.543586 0.398188
0.597054 0.343969
0.56295 0.281768
0.393334 0.419734
0.24775 0.398157
0.281752 0.325038
0.553225 0.565877
0.524308 0.68224
0.499993 0.776959
0.44668 0.555139
0.242899 0.614491
1 0
0.480603 0.484779
next pose
0.446618 0.311409
0.470712 0.395426
0.543586 0.398188
0.597054 0.343969
0.56295 0.281768
0.393334 0.419734
0.24775 0.398157
0.281752 0.325038
0.553225 0.565877
0.524308 0.68224
0.499993 0.776959
0.44668 0.555139
0.242899 0.614491
1 0
0.480603 0.484779
next pose
0.441974 0.308819
0.46613 0.390007
0.553395 0.395325
0.635749 0.343981
0.592084 0.287123
0.373974 0.419828
0.281777 0.44148
0.243136 0.433267
0.553134 0.563135
0.524155 0.682273
0.495228 0.7796
0.442034 0.555054
0.24803 0.619955
0.320387 0.741763
0.480566 0.484648
next pose
0.446799 0.292634
0.470875 0.379211
0.553485 0.390015
0.664781 0.373782
0.630777 0.292701
0.374079 0.41701
0.296489 0.465651
1 0
0.548459 0.557709
0.519431 0.679558
0.509734 0.779575
0.441819 0.552342
0.276824 0.638961
0.325267 0.763327
0.480485 0.481985
next pose
0.446593 0.287176
0.465952 0.37107
0.558174 0.395375
0.674592 0.411674
0.703569 0.354872
0.369172 0.408929
0.340101 0.463054
0.310911 0.484585
0.529123 0.538825
0.519349 0.666007
0.514373 0.771577
0.436858 0.536115
0.325573 0.644318
0.330302 0.768861
0.475725 0.468437
next pose
0.446593 0.287176
0.465952 0.37107
0.558174 0.395375
0.674592 0.411674
0.703569 0.354872
0.369172 0.408929
0.340101 0.463054
0.310911 0.484585
0.529123 0.538825
0.519349 0.666007
0.514373 0.771577
0.436858 0.536115
0.325573 0.644318
0.330302 0.768861
0.475725 0.468437
next pose
0.437166 0.273638
0.446701 0.362919
0.553284 0.398039
0.630768 0.454892
0.708342 0.406296
0.364178 0.406293
0.359325 0.479239
0.335114 0.490193
0.524148 0.544222
0.519341 0.67942
0.514631 0.77688
0.412862 0.546852
0.398018 0.663349
1 0
0.470756 0.471189
next pose
0.436854 0.27374
0.441854 0.360348
0.548408 0.398072
0.558333 0.481909
1 0
0.359369 0.4116
0.36443 0.492846
0.320667 0.549529
0.509713 0.528082
0.533877 0.657923
0.51933 0.766147
0.407828 0.533398
0.4033 0.652402
0.427185 0.779575
0.451448 0.465887
next pose
0.432066 0.292651
0.43699 0.381894
0.52433 0.419678
0.553076 0.506402
0.61633 0.565807
0.354378 0.422526
0.335242 0.511805
0.325756 0.590255
0.51921 0.565824
0.630849 0.67961
0.548423 0.765957
0.403221 0.571199
0.402963 0.687644
0.436987 0.793228
0.446745 0.4928
next pose
0.432066 0.292651
0.43699 0.381894
0.52433 0.419678
0.553076 0.506402
0.61633 0.565807
0.354378 0.422526
0.335242 0.511805
0.325756 0.590255
0.51921 0.565824
0.630849 0.67961
0.548423 0.765957
0.403221 0.571199
0.402963 0.687644
0.436987 0.793228
0.446745 0.4928
next pose
0.436987 0.311428
0.437182 0.395429
0.519616 0.422477
0.548361 0.503542
0.621138 0.56313
0.359214 0.425224
0.330273 0.508989
0.291469 0.560422
0.514499 0.565851
0.674445 0.674128
0.553518 0.760679
0.403265 0.568613
0.3981 0.701055
0.441617 0.804003
0.446678 0.495528
next pose
0.446606 0.31417
0.441953 0.395465
0.529214 0.422443
0.543666 0.484636
1 0
0.359417 0.422481
0.320709 0.482019
1 0
0.514625 0.573957
0.68432 0.663357
0.553418 0.747169
0.403209 0.574114
0.398241 0.701248
0.432087 0.809269
0.446836 0.503544
next pose
0.451565 0.303426
0.446675 0.389967
0.538703 0.419635
1 0
1 0
0.359572 0.411643
0.291517 0.46025
1 0
0.514507 0.560491
0.674351 0.663299
0.553172 0.749858
0.40325 0.565877
0.403297 0.698478
0.43195 0.809256
0.451474 0.487402
next pose
0.475895 0.289921
0.451633 0.376534
0.354483 0.398217
0.242911 0.400804
1 0
0.558214 0.400781
1 0
1 0
0.398397 0.549701
0.403247 0.701079
0.417598 0.809359
0.514432 0.546845
0.645491 0.665964
0.553454 0.766059
0.446826 0.471217
next pose
0.475895 0.289921
0.451633 0.376534
0.354483 0.398217
0.242911 0.400804
1 0
0.558214 0.400781
1 0
1 0
0.398397 0.549701
0.403247 0.701079
0.417598 0.809359
0.514432 0.546845
0.645491 0.665964
0.553454 0.766059
0.446826 0.471217
next pose
0.475816 0.270849
0.470996 0.357483
0.558099 0.379311
1 0
1 0
0.364346 0.379177
0.233337 0.379213
1 0
0.514596 0.530826
0.606775 0.66604
0.55354 0.7689
0.407813 0.533413
0.398228 0.66331
0.398378 0.787818
0.466044 0.460355
next pose
0.470888 0.268186
0.475532 0.354902
0.567821 0.376365
0.674598 0.349453
1 0
0.369031 0.371106
0.238242 0.352093
0.126568 0.303396
0.524166 0.527857
0.587271 0.668667
0.558018 0.779603
0.432079 0.525253
0.359564 0.644313
1 0
0.475551 0.444204
next pose
0.461131 0.279079
0.475946 0.376381
0.553441 0.373782
1 0
1 0
0.398142 0.376538
0.282006 0.333224
1 0
0.538847 0.528043
0.553366 0.663262
0.553052 0.774229
0.437115 0.528013
0.325325 0.625386
1 0
0.4807 0.449588
next pose
0.451608 0.295294
0.480517 0.381935
0.553402 0.376511
1 0
1 0
0.40295 0.389998
0.315833 0.333286
1 0
0.54351 0.546974
0.558187 0.676736
0.553154 0.787626
0.44209 0.544215
0.252904 0.620072
0.320519 0.701141
0.480884 0.463092
next pose
0.451608 0.295294
0.480517 0.381935
0.553402 0.376511
1 0
1 0
0.40295 0.389998
0.315833 0.333286
1 0
0.54351 0.546974
0.558187 0.676736
0.553154 0.787626
0.44209 0.544215
0.252904 0.620072
0.320519 0.701141
0.480884 0.463092
next pose
0.436909 0.311403
0.48044 0.395398
0.558104 0.389969
0.63071 0.298031
1 0
0.403048 0.403515
0.330251 0.33603
0.412793 0.295335
0.553302 0.555039
0.562952 0.682222
0.548297 0.787653
0.451432 0.549752
0.243205 0.595547
0.310846 0.695691
0.48557 0.476618
next pose
0.436902 0.311547
0.47595 0.395357
0.558008 0.392709
0.625898 0.311452
1 0
0.403125 0.400903
0.330337 0.338685
0.432224 0.292594
0.548559 0.555053
0.558211 0.684961
0.548434 0.790488
0.446667 0.552219
0.238223 0.59015
0.306029 0.687656
0.485449 0.479217
next pose
0.427254 0.297987
0.470935 0.379255
0.553261 0.384588
0.630676 0.314193
1 0
0.398288 0.398155
0.320495 0.349352
0.407982 0.30881
0.553233 0.557706
0.553343 0.687603
0.553069 0.793172
0.44667 0.549648
0.243127 0.595666
0.320499 0.701205
0.480815 0.471242
next pose
0.436895 0.289998
0.470784 0.376346
0.553209 0.379316
0.645343 0.333134
0.591977 0.295325
0.393353 0.395331
0.296341 0.357427
0.325704 0.306159
0.543623 0.538835
0.553432 0.668714
0.553224 0.787631
0.44171 0.533397
0.257559 0.617422
0.330341 0.720054
0.480495 0.463066
next pose
0.436895 0.289998
0.470784 0.376346
0.553209 0.379316
0.645343 0.333134
0.591977 0.295325
0.393353 0.395331
0.296341 0.357427
0.325704 0.306159
0.543623 0.538835
0.553432 0.668714
0.553224 0.787631
0.44171 0.533397
0.257559 0.617422
0.330341 0.720054
0.480495 0.463066
next pose
0.432135 0.273707
0.451512 0.357677
0.538839 0.376431
0.669488 0.349425
0.630805 0.289826
0.383576 0.381938
0.277101 0.376472
0.262537 0.338569
0.524339 0.525265
0.553229 0.657929
0.55822 0.774252
0.436853 0.525287
0.306144 0.625419
0.349663 0.733652
0.475601 0.449566
next pose
0.436768 0.271051
0.441892 0.357566
0.524371 0.379086
0.664719 0.379098
0.669481 0.308862
0.364451 0.381872
0.252864 0.395433
0.180015 0.333249
0.509755 0.514503
0.553301 0.641597
0.558041 0.766023
0.412797 0.51714
0.35925 0.628142
0.359465 0.747105
0.456293 0.446786
next pose
0.436988 0.289986
0.441757 0.373784
0.519567 0.384664
0.635847 0.419781
0.679483 0.360333
0.364287 0.392751
0.248059 0.411588
0.155714 0.381884
0.485568 0.514439
0.558082 0.636194
1 0
0.402945 0.514524
0.393367 0.636236
0.393423 0.760704
0.441841 0.452224
next pose
0.4368 0.311589
0.43718 0.387337
0.524209 0.398159
1 0
1 0
0.359205 0.400912
0.276992 0.457606
1 0
0.4903 0.527944
1 0
1 0
0.398325 0.530616
0.398266 0.649727
0.403226 0.766191
0.441824 0.465645
next pose
0.4368 0.311589
0.43718 0.387337
0.524209 0.398159
1 0
1 0
0.359205 0.400912
0.276992 0.457606
1 0
0.4903 0.527944
1 0
1 0
0.398325 0.530616
0.398266 0.649727
0.403226 0.766191
0.441824 0.465645
next pose
0.436938 0.325068
0.437134 0.400812
0.514701 0.43061
0.519278 0.490149
1 0
0.359596 0.419844
0.315864 0.460281
0.296471 0.465902
0.49029 0.555109
0.596972 0.676751
0.480713 0.687589
0.398222 0.557739
0.398332 0.679493
0.408049 0.771464
0.441631 0.490141
next pose
0.437033 0.333068
0.436739 0.403513
0.514578 0.438718
0.500014 0.500951
1 0
0.344903 0.441286
0.320772 0.481892
1 0
0.485404 0.560476
0.611475 0.676721
0.475807 0.690292
0.393278 0.568524
0.3885 0.690292
0.4079 0.774169
0.436922 0.503617
next pose
0.437108 0.333081
0.432099 0.403609
0.514564 0.438735
0.509712 0.508984
0.55837 0.552397
0.339971 0.441469
0.33037 0.511713
0.325422 0.552296
0.485375 0.568584
0.601964 0.663336
0.480594 0.69576
0.393176 0.573931
0.388425 0.68234
0.403015 0.771454
0.436774 0.506304
next pose
0.436999 0.319639
0.436746 0.398184
0.514617 0.430583
0.514722 0.503649
1 0
0.354424 0.425211
0.340108 0.509018
0.320408 0.574113
0.480559 0.560418
0.597186 0.66598
0.485626 0.722709
0.393237 0.568482
0.393434 0.679585
0.398284 0.776955
0.436797 0.492866
next pose
0.436999 0.319639
0.436746 0.398184
0.514617 0.430583
0.514722 0.503649
1 0
0.354424 0.425211
0.340108 0.509018
0.320408 0.574113
0.480559 0.560418
0.597186 0.66598
0.485626 0.722709
0.393237 0.568482
0.393434 0.679585
0.398284 0.776955
0.436797 0.492866
next pose
0.441679 0.314154
0.43688 0.387299
0.514429 0.41961
0.514424 0.473912
0.475872 0.527899
0.359225 0.416956
0.344884 0.479278
1 0
0.480569 0.536076
0.587234 0.660638
0.500011 0.744523
0.398209 0.533499
0.398279 0.655179
0.398215 0.76879
0.436927 0.476536
next pose
0.442001 0.300741
0.441855 0.37919
0.524238 0.406227
0.650278 0.398191
1 0
0.364173 0.400972
0.320794 0.462941
1 0
0.480878 0.527979
0.524378 0.638997
0.509713 0.741708
0.398198 0.527947
0.393431 0.647062
0.393344 0.766142
0.441769 0.465732
next pose
0.441979 0.295372
0.451552 0.379207
0.548511 0.395458
0.659974 0.411645
0.693943 0.373774
0.369063 0.400913
0.286922 0.446772
1 0
0.504789 0.530646
0.509778 0.649783
0.500023 0.744527
0.403231 0.530777
0.364236 0.641646
0.388491 0.749821
0.446863 0.465653
next pose
0.456306 0.311532
0.475527 0.395443
0.553534 0.395451
0.664864 0.360293
0.703692 0.308806
0.383743 0.406256
0.247787 0.408955
0.180159 0.352097
0.51442 0.530738
0.499989 0.660525
0.480642 0.74723
0.417601 0.533376
0.325313 0.657803
0.374015 0.728311
0.470772 0.465755
next pose
0.456306 0.311532
0.475527 0.395443
0.553534 0.395451
0.664864 0.360293
0.703692 0.308806
0.383743 0.406256
0.247787 0.408955
0.180159 0.352097
0.51442 0.530738
0.499989 0.660525
0.480642 0.74723
0.417601 0.533376
0.325313 0.657803
0.374015 0.728311
0.470772 0.465755
next pose
0.47086 0.319673
0.475566 0.398169
0.553445 0.400772
0.621216 0.336005
0.669584 0.270889
0.393226 0.414366
0.257566 0.376575
0.214006 0.306147
0.519238 0.549648
0.509709 0.657888
0.480616 0.757963
0.432023 0.546954
0.28695 0.638834
0.378815 0.70117
0.475658 0.479289
next pose
0.470848 0.322383
0.47074 0.400786
0.538813 0.398023
0.59698 0.346678
0.62122 0.260139
0.397981 0.406224
0.291635 0.357503
0.25769 0.27634
0.519645 0.549603
0.514439 0.671387
0.480458 0.763361
0.437024 0.546889
0.277029 0.617362
0.359612 0.690286
0.475696 0.473827
next pose
0.456333 0.316941
0.470979 0.40076
0.538844 0.398107
0.592284 0.327804
0.587273 0.25201
0.398398 0.403514
0.320724 0.349449
0.315803 0.270971
0.524189 0.546942
0.514406 0.66328
0.480491 0.763354
0.441697 0.541487
0.277051 0.603723
0.28693 0.72268
0.475901 0.468552
next pose
0.441781 0.316928
0.475485 0.395429
0.538767 0.395302
0.596963 0.330482
0.567855 0.273717
0.402992 0.400815
0.330311 0.344013
0.359352 0.273695
0.52422 0.549569
0.50963 0.660556
0.475867 0.763293
0.437111 0.538857
0.281744 0.606485
0.209112 0.717353
0.47594 0.465916
next pose
0.441781 0.316928
0.475485 0.395429
0.538767 0.395302
0.596963 0.330482
0.567855 0.273717
0.402992 0.400815
0.330311 0.344013
0.359352 0.273695
0.52422 0.549569
0.50963 0.660556
0.475867 0.763293
0.437111 0.538857
0.281744 0.606485
0.209112 0.717353
0.47594 0.465916
next pose
0.441932 0.317037
0.475533 0.392694
0.543611 0.392675
0.606637 0.322343
0.54355 0.281792
0.403005 0.400778
0.335236 0.352089
0.364513 0.289846
0.51968 0.549717
0.500057 0.660626
0.475898 0.760648
0.436985 0.544216
0.286696 0.617304
1 0
0.475926 0.468466
next pose
0.442017 0.317033
0.475959 0.397985
0.553232 0.398052
0.630798 0.335857
1 0
0.408017 0.403565
0.330338 0.357648
0.364434 0.30876
0.519595 0.552252
0.499918 0.668715
0.470793 0.755225
0.437031 0.544269
0.28653 0.636254
1 0
0.480559 0.471232
next pose
0.446794 0.3169
0.480511 0.395373
0.553311 0.39545
0.635789 0.357455
0.591857 0.314226
0.407845 0.403536
0.325285 0.368347
0.325272 0.314182
0.519646 0.552339
0.504825 0.665956
0.475528 0.75801
0.437134 0.549519
0.296393 0.633465
0.165452 0.695731
0.480603 0.473918
next pose
0.446794 0.3169
0.480511 0.395373
0.553311 0.39545
0.635789 0.357455
0.591857 0.314226
0.407845 0.403536
0.325285 0.368347
0.325272 0.314182
0.519646 0.552339
0.504825 0.665956
0.475528 0.75801
0.437134 0.549519
0.296393 0.633465
0.165452 0.695731
0.480603 0.473918
next pose
0.470746 0.319685
0.480706 0.40071
0.558136 0.398214
0.664905 0.379102
0.597012 0.330498
0.403346 0.406303
0.315724 0.379306
1 0
0.519611 0.552284
0.509566 0.663349
0.465953 0.755244
0.436965 0.546943
0.291554 0.633536
1 0
0.480607 0.479214
next pose
0.480434 0.316998
0.480754 0.398125
0.558437 0.40356
0.674408 0.419634
0.655159 0.360261
0.403229 0.408961
0.296371 0.40899
0.213938 0.376455
0.519575 0.549683
0.504931 0.660532
0.470877 0.75527
0.436986 0.546888
0.286955 0.625378
0.214128 0.736325
0.480701 0.47927
next pose
0.485362 0.317011
0.485529 0.398173
0.563169 0.414342
0.635614 0.45223
0.679436 0.41967
0.407912 0.419747
0.311016 0.441264
1 0
0.524154 0.549565
0.509674 0.660524
0.475845 0.755272
0.437093 0.546825
0.286927 0.617345
0.320809 0.720118
0.480828 0.484537
next pose
0.485624 0.322402
0.4855 0.400758
0.567872 0.422591
0.611544 0.473896
0.640579 0.487344
0.403212 0.419855
0.325472 0.452285
0.29637 0.468424
0.51964 0.552254
0.500069 0.66331
0.480507 0.765959
0.436823 0.54426
0.301197 0.622713
0.407973 0.663364
0.480689 0.48474
next pose
0.490309 0.325035
0.48567 0.400798
0.567816 0.430643
0.592288 0.498178
0.660045 0.514485
0.407973 0.422455
0.364305 0.46578
0.330449 0.484626
0.519625 0.552269
0.499973 0.663354
0.480704 0.768697
0.436979 0.544188
0.320498 0.636223
0.437026 0.641595
0.480802 0.487339
next pose
0.490309 0.325035
0.48567 0.400798
0.567816 0.430643
0.592288 0.498178
0.660045 0.514485
0.407973 0.422455
0.364305 0.46578
0.330449 0.484626
0.519625 0.552269
0.499973 0.663354
0.480704 0.768697
0.436979 0.544188
0.320498 0.636223
0.437026 0.641595
0.480802 0.487339
next pose
0.485617 0.322375
0.485377 0.400731
0.56781 0.43332
0.597016 0.506297
0.703411 0.509116
0.402947 0.425197
0.369242 0.484765
0.359219 0.509121
0.519394 0.552413
0.500047 0.660606
0.480603 0.766102
0.432005 0.549599
0.325579 0.644341
0.441753 0.625366
0.480551 0.487532
next pose
0.48074 0.316993
0.480587 0.397993
0.558395 0.422463
0.616277 0.492842
0.713372 0.51443
0.398299 0.422511
0.388512 0.495551
0.349763 0.549534
0.519234 0.552246
0.485536 0.665936
0.480497 0.766101
0.417571 0.549529
0.325681 0.657723
1 0
0.475898 0.487329
next pose
0.475904 0.314183
0.475915 0.395335
0.558331 0.419814
0.635642 0.498282
0.751987 0.511722
0.393374 0.42248
0.398286 0.50355
0.39814 0.57126
0.514691 0.549637
0.485363 0.663306
0.48042 0.76605
0.42728 0.546876
0.344924 0.657855
1 0
0.475845 0.484699
next pose
0.475905 0.314182
0.475916 0.395335
0.558332 0.419814
0.63564 0.498282
0.75199 0.511723
0.393374 0.42248
0.398286 0.503551
0.39814 0.571261
0.51469 0.549637
0.485363 0.663307
0.48042 0.76605
0.42728 0.546876
0.344924 0.657855
1 0
0.475844 0.484699
next pose
0.475585 0.311451
0.475797 0.390015
0.563011 0.419762
0.635665 0.49007
0.747232 0.522546
0.388532 0.42249
0.398135 0.50898
0.436994 0.557788
0.519304 0.549656
0.485422 0.663259
0.47585 0.766086
0.417548 0.546858
0.369026 0.660572
0.393372 0.755291
0.475785 0.484694
next pose
0.470769 0.311442
0.475711 0.390029
0.562942 0.419794
0.635806 0.490144
0.747066 0.527908
0.38851 0.422457
0.393411 0.503628
0.466055 0.544269
0.514347 0.552253
0.504834 0.660598
0.480758 0.766045
0.40292 0.546874
0.393262 0.657921
0.3885 0.768923
0.470875 0.484754
next pose
0.47079 0.311417
0.475532 0.387271
0.558131 0.41983
0.631014 0.492845
0.718257 0.527992
0.3884 0.422362
0.388477 0.503661
0.485584 0.527967
0.514545 0.555083
0.509525 0.666
0.475813 0.766103
0.403244 0.552276
0.398264 0.679541
0.359398 0.806722
0.470932 0.487403
next pose
0.470721 0.308829
0.470873 0.387328
0.553501 0.419852
0.63098 0.498174
0.727784 0.530686
0.37409 0.419842
0.383673 0.506269
0.49033 0.525256
0.509735 0.55779
0.504754 0.671416
0.475755 0.766175
0.403095 0.552437
0.398316 0.682334
0.369052 0.828296
0.466095 0.487485
next pose
0.470745 0.306162
0.470721 0.389947
0.553367 0.422398
0.630763 0.495471
0.727828 0.530842
0.369153 0.419799
0.374059 0.506335
0.495206 0.527859
0.504839 0.565902
0.504742 0.676798
0.475788 0.768744
0.398345 0.560458
0.39816 0.682184
0.373899 0.803998
0.456445 0.490188
next pose
0.470744 0.306161
0.470719 0.389945
0.55336 0.422399
0.630708 0.492847
0.727767 0.530828
0.369156 0.419797
0.374062 0.506336
0.495179 0.527859
0.504821 0.565905
0.500082 0.676808
0.475779 0.768747
0.398345 0.560462
0.398158 0.682189
0.373881 0.806587
0.456443 0.490186
next pose
0.470972 0.308767
0.470719 0.38729
0.553303 0.422502
0.63093 0.50089
0.732603 0.533353
0.369096 0.419649
0.369041 0.508968
0.480542 0.530804
0.500024 0.571162
0.49995 0.682203
0.475622 0.768703
0.398192 0.563198
0.398357 0.695697
0.378862 0.82828
0.451612 0.492841
next pose
0.47567 0.303368
0.470728 0.389967
0.553437 0.425134
0.631035 0.503674
0.732752 0.533365
0.364458 0.4171
0.359524 0.509059
0.461228 0.552327
0.485619 0.573953
0.480665 0.687665
0.480401 0.768892
0.393357 0.571195
0.39829 0.701249
0.388473 0.831055
0.446818 0.500887
next pose
0.480669 0.298005
0.47091 0.38463
0.55348 0.425173
0.635554 0.506231
0.73759 0.533466
0.364363 0.417038
0.354441 0.514451
0.422518 0.571311
0.49028 0.563186
0.480623 0.682221
0.475805 0.768787
0.383603 0.555075
0.3934 0.693047
0.393209 0.839149
0.446744 0.49006
next pose
0.509565 0.300703
0.475815 0.381948
0.557988 0.425177
0.635757 0.506367
0.747192 0.536166
0.369142 0.411668
0.330497 0.509141
0.398023 0.590203
0.485523 0.552447
0.490285 0.682317
0.475573 0.768767
0.393228 0.549668
0.393409 0.701145
0.388497 0.847286
0.446805 0.487302
next pose
0.509565 0.300703
0.475815 0.381948
0.557988 0.425177
0.635757 0.506367
0.747192 0.536166
0.369142 0.411668
0.330497 0.509141
0.398023 0.590203
0.485523 0.552447
0.490285 0.682317
0.475573 0.768767
0.393228 0.549668
0.393409 0.701145
0.388497 0.847286
0.446805 0.487302
next pose
0.514539 0.292706
0.480523 0.381849
0.558099 0.42529
0.635765 0.506393
0.747231 0.536175
0.388509 0.403608
0.330476 0.503665
0.335253 0.584791
0.485417 0.568536
0.509565 0.70115
0.475536 0.776933
0.393381 0.557808
0.398014 0.703844
0.393273 0.849935
0.451586 0.487545
next pose
0.524277 0.292669
0.485574 0.384582
0.558146 0.425258
0.635816 0.506391
0.747052 0.53618
0.402925 0.400887
0.330491 0.506424
0.291524 0.598416
0.485364 0.57117
0.519211 0.706623
0.480521 0.793111
0.388519 0.560454
0.388447 0.720124
0.398013 0.852639
0.456451 0.487554
next pose
0.54854 0.292679
0.509553 0.381841
0.558362 0.427852
0.635749 0.50638
0.747126 0.538856
0.408016 0.398208
0.330515 0.506258
0.281609 0.595639
0.485461 0.565824
0.524208 0.701174
0.495075 0.803972
0.393278 0.555057
0.378882 0.709315
0.397987 0.849947
0.466015 0.487403
next pose
0.558055 0.292586
0.514609 0.379202
0.56301 0.422625
0.635732 0.506304
0.747321 0.541486
0.427322 0.398008
0.330413 0.500962
0.272128 0.592886
0.495096 0.565819
0.538684 0.703806
0.514407 0.822911
0.393287 0.555061
0.374007 0.714707
0.398094 0.849885
0.470863 0.487291
next pose
0.577507 0.289864
0.519575 0.37913
0.572776 0.422561
0.635768 0.506233
0.747332 0.54147
0.436994 0.395436
0.3448 0.495488
0.276842 0.595606
0.509567 0.557736
0.533977 0.703772
0.519561 0.833657
0.398345 0.549698
0.3692 0.709296
0.398128 0.852585
0.47591 0.484639