0.987325 0.373675
0.955808 0.435999
0.987306 0.441399
1 0
1 0
0.912146 0.443992
0.941059 0.487465
1 0
1 0
1 0
1 0
0.912164 0.519868
0.907138 0.579408
0.873239 0.649714
0.946158 0.484594
next pose
0.989698 0.373789
0.946101 0.430562
0.987336 0.438663
1 0
1 0
0.907367 0.44146
0.926679 0.484727
1 0
1 0
1 0
1 0
0.907341 0.511727
0.902194 0.579412
0.873263 0.649698
0.945745 0.473915
next pose
0.989686 0.371072
0.945937 0.425228
0.987327 0.438659
1 0
1 0
0.90235 0.441323
0.902339 0.484689
1 0
1 0
1 0
1 0
0.907385 0.509113
0.897487 0.582106
0.873432 0.652475
0.945731 0.47115
next pose
1 0
0.945754 0.425214
0.987324 0.438724
0.987308 0.479309
1 0
0.897553 0.441353
0.897429 0.48458
1 0
1 0
1 0
1 0
0.907223 0.511749
0.902152 0.579386
0.873251 0.647071
0.941171 0.473901
next pose
0.950886 0.376347
0.93613 0.430539
1 0
1 0
1 0
0.878093 0.441502
0.887775 0.487347
0.950964 0.503682
1 0
1 0
1 0
0.907217 0.514512
0.902135 0.576773
0.868672 0.64705
0.936307 0.481959
next pose
0.950939 0.376411
0.936363 0.425252
1 0
1 0
1 0
0.873469 0.441439
0.878177 0.487319
0.941046 0.50914
0.955707 0.517117
1 0
1 0
0.902381 0.514508
0.897453 0.579454
0.868549 0.649724
0.936158 0.481959
next pose
0.95102 0.373771
0.936135 0.425243
1 0
1 0
1 0
0.878038 0.441481
0.873427 0.487454
0.926646 0.519846
0.951043 0.514527
1 0
1 0
0.90233 0.514515
0.897384 0.582088
0.868434 0.649738
0.931392 0.481955
next pose
0.946007 0.373745
0.931385 0.42787
1 0
1 0
1 0
0.873307 0.441444
0.873393 0.487528
0.931367 0.522586
0.960591 0.519871
1 0
1 0
0.907046 0.519866
0.892707 0.584772
0.868429 0.65505
0.93615 0.482035
next pose
0.941158 0.37375
0.921777 0.425198
1 0
1 0
1 0
0.868259 0.441351
0.863747 0.48742
0.90713 0.522611
0.955761 0.514532
0.950975 0.574122
0.940912 0.641602
0.902501 0.514538
0.892708 0.579402
0.873282 0.64975
0.926687 0.48193
next pose
0.941158 0.37375
0.921778 0.425198
1 0
1 0
1 0
0.868259 0.441351
0.863747 0.48742
0.90713 0.522611
0.955761 0.514532
0.950976 0.574122
0.940913 0.641602
0.902502 0.514539
0.892707 0.579403
0.873281 0.649751
0.926688 0.48193
next pose
0.936301 0.373745
0.921748 0.422579
0.989679 0.435978
0.987329 0.484629
1 0
0.86371 0.441352
0.853859 0.487444
0.887897 0.517161
0.950811 0.511777
0.950908 0.574029
0.940948 0.638985
0.897444 0.51446
0.887812 0.57946
0.868695 0.655199
0.916965 0.479297
next pose
0.931449 0.373661
0.921807 0.427884
0.989688 0.438678
0.987348 0.487317
1 0
0.863618 0.441487
0.853788 0.487427
0.878123 0.522601
0.950908 0.522621
0.945792 0.576698
0.931428 0.641593
0.897498 0.525205
0.873445 0.587465
0.87328 0.655165
0.916982 0.484628
next pose
0.921815 0.373737
0.916891 0.436001
0.989694 0.444035
0.987341 0.487518
1 0
0.863474 0.44407
0.85385 0.487456
0.882959 0.522604
0.94618 0.530678
0.941146 0.579412
0.936153 0.638992
0.897393 0.53062
0.873421 0.590114
0.868695 0.655167
0.916866 0.487447
next pose
0.907318 0.376343
0.936239 0.438709
0.987295 0.441423
1 0
1 0
0.863727 0.44424
0.868525 0.490096
0.873447 0.530657
0.955841 0.530696
0.941014 0.576699
0.92181 0.639017
0.902508 0.530664
0.878147 0.58748
0.873352 0.652436
0.936359 0.487481
next pose
0.907232 0.373798
0.931496 0.441267
0.987306 0.444091
1 0
1 0
0.863754 0.444167
0.839344 0.484644
1 0
0.951058 0.527864
0.941168 0.573969
0.926615 0.638891
0.902114 0.525294
0.883041 0.579424
0.873181 0.655054
0.936169 0.487293
next pose
0.902428 0.3764
0.941002 0.438744
0.987284 0.444164
1 0
1 0
0.868614 0.444211
0.863651 0.487442
0.868579 0.528044
0.960582 0.528057
0.941098 0.574008
0.936213 0.638826
0.907021 0.52801
0.887773 0.576777
0.873262 0.652462
0.941081 0.487468
next pose
0.902312 0.37651
0.936195 0.441263
0.987292 0.44407
1 0
1 0
0.868248 0.444237
0.863402 0.487441
1 0
1 0
1 0
1 0
0.907015 0.527861
0.882955 0.579362
0.873226 0.649722
0.940949 0.487334
next pose
0.90221 0.376499
0.931433 0.43869
0.9873 0.441476
1 0
1 0
0.863762 0.444121
0.844141 0.48463
0.868328 0.525292
0.955796 0.530727
0.936293 0.58484
0.90243 0.64157
0.90243 0.530621
0.868702 0.590134
0.873204 0.64161
0.936276 0.487473
next pose
0.897588 0.376535
0.916864 0.433303
0.989676 0.438635
0.987333 0.484586
1 0
0.863613 0.444002
0.824893 0.481939
0.834597 0.514445
0.946055 0.517168
0.936315 0.574084
0.907019 0.638973
0.88783 0.51444
0.868294 0.57412
0.868454 0.639006
0.916892 0.481987
next pose
0.887834 0.376397
0.916879 0.435932
0.987344 0.441329
0.987332 0.487335
1 0
0.863527 0.441488
0.824692 0.482015
1 0
0.94584 0.525322
0.931391 0.574112
0.907146 0.638971
0.878051 0.522587
0.863534 0.57665
0.863573 0.63884
0.912196 0.484737
next pose
0.883065 0.376497
0.912095 0.43598
0.987348 0.441416
0.987319 0.487392
1 0
0.858701 0.444072
0.819992 0.484721
1 0
0.941279 0.52802
0.921672 0.574057
0.912163 0.638944
0.868667 0.525333
0.863324 0.57404
0.863606 0.638849
0.911972 0.487304
next pose
0.878159 0.376525
0.907399 0.435947
1 0
1 0
1 0
0.858638 0.444003
0.824524 0.482045
0.810259 0.511743
0.941012 0.5253
0.912179 0.571315
0.916997 0.638868
0.863744 0.522555
0.853799 0.573956
0.863475 0.638834
0.907186 0.484683
next pose
0.868636 0.376535
0.902391 0.430588
0.950851 0.435997
0.98969 0.479319
1 0
0.858596 0.4414
0.824906 0.476578
0.824691 0.511721
0.926591 0.514498
0.907301 0.574012
0.916948 0.638895
0.863464 0.511808
0.829777 0.574073
0.84905 0.633547
0.902292 0.479283
next pose
0.86845 0.376494
0.90224 0.435952
0.950788 0.438628
1 0
1 0
0.84898 0.444029
0.829456 0.484787
0.829826 0.527895
0.936227 0.511818
0.907255 0.57397
0.916925 0.6389
0.868257 0.511723
0.829855 0.573935
0.834486 0.638871
0.902457 0.479246
next pose
0.863789 0.376544
0.897568 0.438613
0.946125 0.438717
1 0
1 0
0.839333 0.44152
0.824623 0.484659
1 0
0.917003 0.517159
0.907401 0.573889
0.916917 0.638975
0.858567 0.514515
0.824884 0.571189
0.829546 0.6335
0.897477 0.482048
next pose
0.863336 0.379071
0.892552 0.430551
0.941306 0.438647
1 0
1 0
0.834602 0.441332
0.82481 0.481927
0.795772 0.511809
0.912123 0.517194
0.912007 0.571366
0.917027 0.639073
0.849078 0.517172
0.819859 0.573881
0.795921 0.63623
0.887777 0.481943
next pose
0.853828 0.376543
0.878175 0.433281
0.931364 0.43869
0.94608 0.482003
1 0
0.834549 0.444013
0.824767 0.484674
0.791089 0.5145
0.907354 0.517136
0.907294 0.573919
0.916898 0.639013
0.853852 0.517153
0.819748 0.573895
0.790862 0.636327
0.87812 0.482007
next pose
0.848977 0.37659
0.873224 0.430583
0.926616 0.438751
0.950837 0.476619
1 0
0.829887 0.444014
0.824855 0.484714
0.795833 0.514477
0.907426 0.514468
0.907439 0.573916
0.912108 0.639031
0.853853 0.514524
0.800589 0.573992
0.785743 0.63886
0.878057 0.481997
next pose
0.829897 0.379249
0.868633 0.433318
0.921739 0.438747
0.950783 0.476582
1 0
0.829832 0.444041
0.824894 0.484644
0.805505 0.511832
0.907277 0.517168
0.907126 0.574086
0.907357 0.641583
0.85383 0.514533
0.791026 0.576668
0.77148 0.638898
0.873429 0.482041
next pose
0.829627 0.379314
0.868356 0.438696
0.912214 0.438711
0.946151 0.476623
1 0
0.829668 0.446854
0.824853 0.487355
0.800568 0.517189
0.907059 0.517213
0.907128 0.574081
0.907204 0.644307
0.839435 0.519886
0.790799 0.576687
0.761757 0.63629
0.873177 0.484656
next pose
0.819879 0.381858
0.858826 0.438652
0.90714 0.441296
0.945878 0.481954
1 0
0.824625 0.449482
0.810143 0.487379
0.786097 0.517213
0.902302 0.51446
0.902299 0.582145
0.902119 0.655121
0.834508 0.514434
0.786166 0.574107
0.751941 0.6363
0.868278 0.482037
next pose
0.800508 0.381956
0.853838 0.44138
0.902179 0.441459
0.936339 0.476614
1 0
0.82002 0.46025
0.805438 0.490205
0.781158 0.5279
0.902136 0.519904
0.902166 0.582091
0.902381 0.655126
0.829699 0.522588
0.78604 0.576673
0.751879 0.638819
0.863782 0.487297
next pose
0.795631 0.381953
0.829778 0.441372
0.878162 0.441442
0.921732 0.479255
1 0
0.795687 0.46298
0.776229 0.498179
0.757045 0.530678
0.88298 0.525217
0.892734 0.584765
0.907067 0.65515
0.819846 0.525234
0.780979 0.582084
0.747251 0.639073
0.853761 0.487444
next pose
0.790925 0.381924
0.824784 0.441447
0.873175 0.441302
0.912081 0.481934
1 0
0.771539 0.446777
0.752106 0.487314
0.752151 0.527966
0.873262 0.509017
0.87804 0.584775
0.907239 0.657788
0.80532 0.509083
0.776217 0.579364
0.747045 0.641739
0.8299 0.479229
next pose
0.766605 0.381876
0.795789 0.441354
0.858644 0.441399
0.882923 0.479327
1 0
0.752042 0.460346
0.74244 0.492854
0.747039 0.53068
0.858721 0.530697
0.86834 0.590139
0.902096 0.649712
0.786215 0.530816
0.747422 0.579454
0.742438 0.641657
0.819891 0.490075
next pose
0.752315 0.379271
0.790806 0.441322
0.839264 0.441283
0.868678 0.48198
1 0
0.747333 0.460264
0.737521 0.495511
0.73269 0.528023
0.85392 0.527874
0.863322 0.582117
0.897479 0.641647
0.786012 0.527959
0.747186 0.579453
0.742302 0.64164
0.810281 0.487332
next pose
0.752161 0.379206
0.781115 0.441314
0.829693 0.438692
0.868284 0.479307
1 0
0.722917 0.452225
0.718158 0.487418
0.713495 0.514461
0.829544 0.519908
0.844129 0.576728
0.902253 0.636167
0.756982 0.52792
0.74694 0.582113
0.742317 0.641672
0.790672 0.48474
next pose
0.747199 0.379123
0.766636 0.438621
0.824901 0.438678
0.858572 0.476563
1 0
0.713452 0.444251
0.708655 0.484773
0.713156 0.514438
0.82461 0.522599
0.834467 0.587535
0.878114 0.639011
0.751992 0.527923
0.742444 0.582123
0.742318 0.641648
0.785773 0.484747
next pose
0.737424 0.379085
0.756839 0.436047
0.815042 0.441279
0.834486 0.484619
0.834484 0.52802
0.713291 0.44683
0.708281 0.484805
0.703587 0.522513
0.815033 0.525175
0.819987 0.587444
0.863542 0.625423
0.747141 0.525305
0.737573 0.58209
0.742426 0.641677
0.771449 0.484746
next pose
0.713535 0.379122
0.747352 0.433313
0.791027 0.436027
0.824964 0.476616
1 0
0.708406 0.444182
0.703465 0.48459
1 0
0.786133 0.522617
0.786054 0.57945
0.824814 0.638901
0.7181 0.527882
0.727786 0.579425
0.747133 0.638929
0.752021 0.484699
next pose
0.713247 0.376506
0.742459 0.433245
0.790908 0.435977
0.834394 0.476608
0.868531 0.500965
0.689139 0.444109
0.674605 0.482023
0.674598 0.509019
0.790969 0.530653
0.781073 0.590183
0.795743 0.638998
0.732646 0.530814
0.727804 0.584859
0.746997 0.638874
0.751986 0.487329
next pose
0.708369 0.376479
0.727946 0.435932
0.78604 0.436031
0.824978 0.479238
0.863425 0.503555
0.67946 0.446835
0.674644 0.487364
1 0
0.786014 0.528011
0.752166 0.584848
0.785728 0.641682
0.718168 0.530766
0.727785 0.590212
0.747038 0.638818
0.747117 0.487309
next pose
0.703402 0.376536
0.718243 0.433266
0.776316 0.438633
0.8198 0.476614
0.853753 0.503582
0.679278 0.446914
0.674534 0.487443
1 0
0.776326 0.53063
0.747032 0.590197
0.747302 0.641658
0.713152 0.533437
0.718232 0.592827
0.74741 0.638875
0.737611 0.487375
next pose
0.679523 0.376418
0.713151 0.430611
0.75703 0.435997
0.795631 0.481951
1 0
0.669702 0.446775
0.6697 0.487503
1 0
0.761802 0.530624
0.713265 0.592876
0.713214 0.655201
0.708587 0.533361
0.713269 0.592915
0.727796 0.644341
0.723095 0.487336
next pose
0.674696 0.376552
0.708512 0.438609
0.752233 0.441445
0.795789 0.487367
0.829647 0.530635
0.669721 0.449577
0.674572 0.487447
0.674447 0.525312
0.747416 0.533374
0.708557 0.595644
0.698692 0.660464
0.708234 0.533443
0.708525 0.595631
0.742266 0.655116
0.713449 0.487536
next pose
0.674479 0.376538
0.703633 0.438685
0.752008 0.4415
0.790761 0.487501
0.819948 0.530787
0.660041 0.457656
0.664777 0.492838
0.669599 0.528041
0.74241 0.53615
0.703473 0.598387
0.674441 0.660567
0.693967 0.538833
0.708495 0.598401
0.74231 0.655072
0.708653 0.490216
next pose
0.669728 0.379097
0.68908 0.438728
0.747151 0.444164
0.786104 0.487471
0.795847 0.522608
0.640666 0.462941
0.645494 0.503561
1 0
0.727881 0.538777
0.684146 0.603708
0.640658 0.674032
0.68428 0.541502
0.708421 0.598412
0.737604 0.657751
0.708194 0.495554
next pose
0.659967 0.379109
0.674616 0.438602
0.732639 0.444266
0.771419 0.490208
0.776351 0.509008
0.635813 0.457657
0.630984 0.498165
0.626142 0.530663
0.713401 0.536093
0.674296 0.598355
0.631023 0.676723
0.674344 0.533494
1 0
1 0
0.689039 0.492862
next pose
0.640767 0.376588
0.674279 0.438686
0.718292 0.444222
0.761711 0.490214
0.761717 0.522602
0.635616 0.460365
0.630987 0.498186
0.630964 0.530682
0.708432 0.538794
0.664842 0.603716
0.625884 0.682135
0.669433 0.538775
0.679516 0.595643
0.722969 0.644319
0.674771 0.495554
next pose
0.635849 0.376545
0.66962 0.438681
0.713447 0.444159
0.752216 0.492875
0.776214 0.530803
0.630911 0.462922
0.626091 0.500885
0.621088 0.536137
0.703436 0.544195
0.659936 0.603745
0.621086 0.682153
0.655154 0.546866
0.674727 0.598396
0.713566 0.64164
0.674398 0.50088
next pose
0.635626 0.376388
0.660051 0.435939
0.708546 0.444107
0.747137 0.490117
0.761749 0.53068
0.625974 0.460298
0.625925 0.500912
0.630743 0.538766
0.689062 0.541511
0.650317 0.601034
0.62595 0.679573
0.645404 0.544206
0.669829 0.598311
0.713256 0.638895
0.669664 0.495566
next pose
0.630758 0.373668
0.64068 0.427957
0.703552 0.441403
0.737438 0.490055
0.742202 0.528095
0.601912 0.444234
0.596794 0.487476
0.587307 0.525255
0.679307 0.53341
0.635894 0.601031
0.621173 0.682159
0.635955 0.53345
1 0
1 0
0.659993 0.487495
next pose
0.616359 0.370991
0.635604 0.425178
0.684174 0.441289
0.71356 0.487383
0.718158 0.530745
0.5922 0.441384
0.592025 0.484594
0.577561 0.525273
0.669619 0.52808
0.621216 0.598336
0.61627 0.679565
0.606781 0.528054
0.626029 0.595736
0.674361 0.641631
0.635835 0.484711
next pose
0.606662 0.368383
0.630762 0.425186
0.674661 0.438653
0.71322 0.487318
0.713355 0.530663
0.582482 0.441457
0.572701 0.479308
1 0
0.65519 0.525238
0.630836 0.601029
0.611577 0.679589
0.592039 0.525228
0.58718 0.595708
1 0
0.630679 0.484567
next pose
0.597183 0.360313
0.621216 0.422441
0.674352 0.436004
0.708267 0.484805
0.708175 0.527885
0.563176 0.438663
0.562965 0.465777
1 0
0.640707 0.525216
0.630872 0.601061
0.606706 0.679531
0.587205 0.51991
0.558429 0.595677
1 0
0.621199 0.481911
next pose
0.592239 0.357636
0.606642 0.422439
0.669432 0.435942
0.703422 0.484801
0.698642 0.528026
0.562984 0.438633
0.55827 0.479212
0.543577 0.51177
0.635971 0.527949
0.630808 0.603756
0.621268 0.679402
0.582362 0.52528
0.548507 0.595748
1 0
0.606736 0.484557
next pose
0.587178 0.360267
0.596822 0.419816
0.650324 0.435944
0.67947 0.484637
0.674579 0.522543
0.553331 0.438617
0.548472 0.47655
0.519462 0.511787
0.630814 0.525249
0.625935 0.601002
0.625887 0.676834
0.558311 0.519875
0.519277 0.592795
0.553386 0.63621
0.596847 0.479301
next pose
0.582347 0.362939
0.592001 0.419758
0.640666 0.43334
0.679485 0.484546
0.669573 0.511782
0.538851 0.438746
0.529173 0.479302
0.514493 0.51444
0.626095 0.525212
0.616348 0.601014
0.621219 0.679492
0.55354 0.522522
0.509672 0.592913
0.54833 0.638946
0.59215 0.479338
next pose
0.57277 0.35764
0.587119 0.419747
0.635894 0.435983
0.669763 0.484616
0.659882 0.509084
0.524193 0.441329
0.519407 0.487453
0.495182 0.522602
0.616247 0.525271
0.61147 0.598326
0.621212 0.679477
0.548425 0.52257
0.500031 0.590223
0.500056 0.641674
0.587111 0.481965
next pose
0.567836 0.3576
0.572651 0.419875
0.631042 0.435933
0.66968 0.48197
0.645554 0.506443
0.519191 0.441347
0.514465 0.487381
0.490378 0.519888
0.611557 0.525208
0.601896 0.60104
0.621277 0.679563
0.543674 0.522593
0.485488 0.59567
0.446796 0.663282
0.577487 0.481952
next pose
0.562961 0.357461
0.558393 0.4224
0.630675 0.43597
0.66002 0.481956
0.645345 0.506282
0.509765 0.441364
0.499987 0.484632
0.480817 0.514506
0.601824 0.525307
0.597233 0.601102
0.62106 0.679512
0.529126 0.525331
0.480667 0.598294
0.436789 0.668699
0.56298 0.482018
next pose
0.548348 0.357548
0.533917 0.422588
0.596875 0.436049
0.630853 0.482028
0.630658 0.506274
0.475738 0.441451
0.451526 0.492881
0.441822 0.536164
0.582409 0.530603
0.59207 0.606457
0.611463 0.679522
0.504927 0.530692
0.461208 0.611865
0.402875 0.684994
0.538774 0.484762
next pose
0.529118 0.357543
0.519528 0.425282
0.58709 0.43873
0.611458 0.482008
0.616342 0.506401
0.47093 0.441407
0.441922 0.49278
0.441655 0.536103
0.55837 0.530688
0.582436 0.603775
0.606597 0.679365
0.485544 0.530779
0.45148 0.614479
0.402943 0.684918
0.519654 0.484772
next pose
0.52423 0.357546
0.514564 0.425205
0.562971 0.433273
0.596752 0.468463
0.597175 0.506232
0.451594 0.441404
0.437151 0.49021
0.437055 0.530821
0.548488 0.528074
0.562927 0.611807
0.601737 0.679514
0.470973 0.53063
0.441871 0.614492
0.402844 0.687628
0.514264 0.484672
next pose
0.514283 0.357499
0.49035 0.422595
0.553375 0.441476
0.567831 0.490121
0.582357 0.514505
0.436772 0.441408
0.407832 0.495487
0.403046 0.533436
0.524389 0.536156
0.563028 0.617228
0.597162 0.67943
0.44664 0.536162
0.436715 0.614624
0.398229 0.693049
0.485612 0.48746
next pose
0.495108 0.357559
0.480389 0.425178
0.529161 0.444219
0.558018 0.490165
1 0
0.417645 0.441382
0.402845 0.490111
0.398169 0.528012
0.514701 0.530779
0.553443 0.61449
0.597068 0.6794
0.441691 0.533381
0.427364 0.614532
0.398357 0.690362
0.475937 0.487462
next pose
0.485506 0.357592
0.475467 0.422573
0.519481 0.441343
0.553401 0.484711
1 0
0.40325 0.441263
0.388388 0.487372
0.38374 0.525256
0.514289 0.528036
0.538706 0.60911
0.592267 0.674082
0.437105 0.530685
0.422441 0.614435
0.398432 0.687585
0.475514 0.484785
next pose
0.485366 0.357517
0.46597 0.422557
0.519216 0.441282
0.548549 0.484618
1 0
0.398273 0.438729
0.364399 0.490084
0.383599 0.528057
0.509507 0.5306
0.529089 0.60909
0.592016 0.671395
0.432087 0.530813
0.412794 0.614608
0.402823 0.687639
0.466024 0.484804
next pose
0.475738 0.354915
0.451557 0.419852
0.514347 0.438687
0.548292 0.484557
1 0
0.398086 0.438613
0.359641 0.487355
0.373944 0.51716
0.485542 0.528093
0.519405 0.609106
0.587235 0.674065
0.41284 0.530749
0.4033 0.614523
0.402855 0.687601
0.446783 0.484701
next pose
0.470713 0.354894
0.441691 0.422482
0.504735 0.441264
0.538687 0.479264
0.582427 0.471235
0.374092 0.433314
0.330415 0.479323
0.354489 0.465844
0.475746 0.53342
0.504797 0.606411
0.553114 0.671429
0.39835 0.538774
0.402981 0.61721
0.398378 0.684945
0.437032 0.487315
next pose
0.461151 0.354843
0.437123 0.422502
0.499975 0.441294
0.543671 0.471184
0.59217 0.468507
0.369015 0.438618
0.325615 0.476631
0.330412 0.465668
0.475687 0.536068
0.485507 0.609103
0.5388 0.676718
0.398007 0.536145
0.398363 0.614676
0.398085 0.682312
0.436763 0.487367
next pose
0.446812 0.354781
0.436874 0.422542
0.495223 0.441445
0.553114 0.468438
0.592242 0.462977
0.364156 0.438737
0.320478 0.46857
0.325366 0.460343
0.470958 0.53878
0.480734 0.60372
0.514432 0.671394
0.393392 0.541549
0.398395 0.611918
0.398405 0.682239
0.432048 0.487511
next pose
0.446774 0.354843
0.432186 0.425125
0.504835 0.444134
0.558105 0.463059
0.597007 0.446896
0.354626 0.43061
0.301185 0.465721
0.325605 0.435981
0.470968 0.54689
0.480803 0.614526
0.495117 0.67946
0.378807 0.546956
0.398337 0.614634
0.402876 0.690291
0.427217 0.490141
next pose
0.43697 0.354741
0.427334 0.422409
0.504849 0.441334
0.572772 0.441375
0.592299 0.414325
0.354398 0.438701
0.281826 0.444229
0.291682 0.400974
0.466028 0.549563
0.475806 0.609178
0.470811 0.676832
0.37399 0.549635
0.398172 0.611903
0.398091 0.684892
0.417611 0.492806
next pose
0.4371 0.354847
0.417684 0.422513
0.495105 0.430622
0.563099 0.427851
0.591908 0.395345
0.349638 0.436
0.276824 0.438606
0.291534 0.39545
0.456413 0.544216
0.475564 0.609173
0.441996 0.679412
0.373897 0.544236
0.398236 0.614496
0.398025 0.682211
0.412777 0.487379
next pose
0.437041 0.354879
0.422436 0.42262
0.49511 0.427896
0.55838 0.414375
0.582297 0.376403
0.354418 0.433256
0.272167 0.422629
0.286968 0.379246
0.461169 0.533395
0.461213 0.606488
0.437108 0.679524
0.36451 0.533374
0.398228 0.606465
0.398196 0.682114
0.412692 0.484672
next pose
0.441711 0.357448
0.412843 0.422465
0.485616 0.422608
0.558247 0.403571
1 0
0.34966 0.425176
0.281615 0.416954
0.291643 0.368398
0.451491 0.533402
0.451439 0.609138
0.441622 0.682152
0.35939 0.533386
0.398146 0.611828
0.398181 0.682291
0.403228 0.48455
next pose
0.437094 0.357652
0.422475 0.419824
0.480843 0.422399
0.548525 0.398056
1 0
0.359326 0.42243
0.286763 0.398018
0.306137 0.344025
0.470792 0.528054
0.446892 0.601043
0.441864 0.679475
0.374042 0.530692
0.398275 0.60919
0.403006 0.682106
0.422354 0.479258
next pose
0.436941 0.357523
0.42727 0.419703
0.480699 0.419873
0.52417 0.392686
0.548426 0.365628
0.3595 0.422384
0.29163 0.381907
0.31101 0.327734
0.470881 0.527989
0.451603 0.611805
0.441849 0.679564
0.374077 0.530644
0.398182 0.617171
0.403196 0.682306
0.427172 0.476586
next pose
0.432216 0.354868
0.427223 0.41971
0.480672 0.41974
0.529168 0.368365
1 0
0.359564 0.419765
0.315735 0.379195
0.315666 0.316978
0.470716 0.527977
0.451575 0.614472
0.441636 0.679517
0.369024 0.528054
0.398254 0.617217
0.403183 0.682341
0.422377 0.473834
next pose
0.432143 0.35471
0.422547 0.419727
0.480594 0.41974
0.519407 0.360319
1 0
0.364251 0.417034
0.325515 0.376376
0.310856 0.311547
0.461199 0.52523
0.446909 0.61452
0.441769 0.679579
0.364485 0.525268
0.398186 0.614473
0.40307 0.682122
0.417684 0.46591
next pose
0.432167 0.349428
0.427284 0.41708
0.480398 0.417068
0.514305 0.365622
1 0
0.369188 0.416991
0.335239 0.371023
0.315684 0.311476
0.456446 0.525309
0.451539 0.614561
0.441616 0.682197
0.364362 0.525303
0.398349 0.614673
0.403042 0.68222
0.41765 0.465899
next pose
0.432017 0.352144
0.432004 0.417076
0.480589 0.411655
0.514389 0.363002
1 0
0.374052 0.408977
0.354434 0.368318
0.325487 0.311444
0.461127 0.522597
0.456278 0.617229
0.441672 0.682285
0.364401 0.51982
0.398416 0.61733
0.403124 0.684881
0.422505 0.465681
next pose
0.436836 0.349442
0.432209 0.417037
0.480675 0.414381
0.509732 0.365699
1 0
0.383585 0.414351
0.344887 0.371033
0.325615 0.311444
0.465946 0.522598
0.456324 0.614661
0.441775 0.682249
0.369174 0.519875
0.398378 0.617201
0.402911 0.682209
0.431925 0.465715
next pose
0.437155 0.352081
0.432182 0.417102
0.480741 0.416981
0.514459 0.362936
1 0
0.378778 0.414344
0.339954 0.371097
0.325745 0.31152
0.456404 0.525281
0.456471 0.614602
0.441719 0.68216
0.364488 0.519891
0.402826 0.617171
1 0
0.427242 0.46576
next pose
0.437023 0.352123
0.432125 0.41707
0.480692 0.417022
0.514704 0.360235
1 0
0.378734 0.417014
0.335162 0.37371
0.3257 0.314214
0.45166 0.527887
0.456422 0.614616
0.441793 0.682133
0.378856 0.525239
0.402829 0.617177
0.398107 0.682128
0.427351 0.465863
next pose
0.436795 0.354737
0.427377 0.417065
0.480715 0.41978
0.519577 0.368329
1 0
0.369092 0.414399
0.325273 0.376437
0.325461 0.31704
0.461259 0.527931
0.466136 0.609153
0.441931 0.679583
0.3837 0.525233
0.398349 0.598303
1 0
0.431946 0.468465
next pose
0.437082 0.357432
0.427307 0.419756
0.480754 0.419852
0.543573 0.376474
1 0
0.364336 0.419672
0.315705 0.379215
0.325264 0.330401
0.470779 0.527998
0.46605 0.60648
0.441817 0.682099
0.388469 0.527975
0.398421 0.60643
1 0
0.427313 0.473829
next pose
0.437154 0.357639
0.42719 0.422385
0.480732 0.419879
0.543654 0.384616
0.529004 0.357544
0.364269 0.419846
0.296491 0.392645
0.320732 0.343978
0.46607 0.536086
0.461282 0.609177
0.441898 0.679381
0.369154 0.538798
0.398266 0.598328
0.403062 0.663298
0.412798 0.482013
next pose
0.437076 0.365652
0.427222 0.425128
0.480795 0.430621
0.553419 0.395382
1 0
0.364348 0.42787
0.286941 0.40362
0.320681 0.36299
0.466026 0.541532
0.466033 0.617239
0.441984 0.676787
0.373888 0.544212
0.398409 0.606459
0.403066 0.674042
0.417635 0.48482
next pose
0.436966 0.371004
0.432105 0.42789
0.485496 0.435997
0.562927 0.406233
0.543629 0.368372
0.364255 0.436017
0.286605 0.422393
0.320473 0.379112
0.470736 0.54955
0.461245 0.620034
0.441832 0.679393
0.388588 0.546955
0.40283 0.614505
0.403241 0.679414
0.427365 0.487523
next pose
0.43713 0.376421
0.436726 0.438669
0.490359 0.444212
0.563199 0.419625
0.524244 0.376384
0.364075 0.44422
0.281864 0.427909
0.325294 0.395431
0.475675 0.565858
0.461251 0.633477
0.436845 0.687619
0.398313 0.563213
0.403165 0.636199
1 0
0.436712 0.50637
next pose
0.441652 0.373798
0.432122 0.433332
0.485444 0.441483
0.558055 0.400934
0.538758 0.371063
0.364249 0.4413
0.286659 0.414381
0.325443 0.373794
0.475579 0.549716
0.466037 0.619943
0.441757 0.682171
0.393276 0.552276
0.40321 0.622656
0.422382 0.687648
0.432019 0.498194
next pose
0.44184 0.346673
0.427323 0.414365
0.480712 0.417024
0.524251 0.373683
1 0
0.364409 0.411662
0.315699 0.373768
0.325451 0.319688
0.475579 0.52791
0.470947 0.595722
0.441863 0.679427
0.388381 0.528002
0.403121 0.603785
0.42252 0.679459
0.431939 0.465856
next pose
0.44184 0.346673
0.427323 0.414365
0.480712 0.417024
0.524251 0.373683
1 0
0.364409 0.411662
0.315699 0.373768
0.325451 0.319688
0.475579 0.52791
0.470947 0.595722
0.441863 0.679427
0.388381 0.528002
0.403121 0.603785
0.42252 0.679459
0.431939 0.465856
next pose
0.427338 0.330514
0.432066 0.395361
0.480689 0.387254
1 0
1 0
0.374066 0.387283
0.344825 0.338681
0.330239 0.284461
0.475683 0.498253
0.466008 0.592819
0.451526 0.671348
0.383581 0.500922
0.403123 0.59025
0.407986 0.674103
0.43209 0.441547
next pose
0.427287 0.327808
0.436974 0.384597
0.485482 0.37917
1 0
1 0
0.383698 0.37911
0.359235 0.341296
0.330459 0.279027
0.475492 0.484673
0.47077 0.57671
0.46128 0.657907
0.373875 0.484593
0.403164 0.579356
0.403287 0.657913
0.43212 0.433297
next pose
0.407829 0.317023
0.436901 0.38185
0.475749 0.376533
1 0
1 0
0.398322 0.376564
0.354658 0.335893
0.354505 0.287104
0.466124 0.481968
0.470754 0.571249
0.470933 0.644306
0.373949 0.473842
0.407892 0.571392
0.407845 0.657849
0.432182 0.425203
next pose
0.407953 0.319733
0.441668 0.379292
0.41272 0.384565
0.320786 0.338558
0.344865 0.292495
1 0
1 0
1 0
0.470973 0.487546
0.470865 0.573891
0.466038 0.644403
0.407954 0.49009
0.412729 0.574042
0.407937 0.655126
0.441741 0.438686
next pose
0.422417 0.32234
0.432227 0.379253
0.480624 0.379092
1 0
1 0
0.393393 0.384604
0.325298 0.349395
0.359208 0.297997
0.475628 0.487325
0.470838 0.571281
0.470878 0.647019
0.402888 0.487424
0.412799 0.573971
0.412688 0.657766
0.436953 0.438667
next pose
0.427277 0.330447
0.436778 0.3981
0.495161 0.381836
0.553108 0.357437
1 0
0.378828 0.395331
0.306143 0.371014
0.359508 0.330484
0.475604 0.490112
0.470989 0.576761
0.470748 0.652407
0.398219 0.492821
0.42724 0.579383
0.436974 0.663265
0.436923 0.441428
next pose
0.446809 0.352006
0.422452 0.419823
0.485428 0.406277
0.563079 0.37927
1 0
0.364167 0.411656
0.286955 0.400711
0.340044 0.360277
0.471015 0.509096
0.47562 0.595707
0.456307 0.663275
0.402839 0.50915
0.427328 0.598285
0.437037 0.679461
0.432141 0.462978
next pose
0.432226 0.354705
0.432119 0.422597
0.485606 0.419836
0.563141 0.400919
0.548432 0.368365
0.364484 0.427939
0.286528 0.422533
0.320558 0.381881
0.475552 0.5279
0.475594 0.611793
0.461198 0.671346
0.402968 0.527915
0.417667 0.614508
1 0
0.436825 0.479262
next pose
0.436805 0.37108
0.436864 0.441288
0.504748 0.444208
0.582441 0.441471
0.587238 0.398176
0.36447 0.452226
0.281838 0.446904
0.291582 0.40096
0.475706 0.546944
0.475529 0.628044
0.44207 0.671367
0.403096 0.546921
0.422354 0.628088
1 0
0.436986 0.498225
next pose
0.432228 0.376393
0.437007 0.441379
0.509614 0.446928
0.591896 0.441513
0.592097 0.3982
0.369047 0.454976
0.276985 0.449504
0.286761 0.40348
0.475847 0.552439
0.47551 0.633539
0.441848 0.676846
0.403283 0.552308
0.427194 0.636148
1 0
0.441671 0.506241
next pose
0.431991 0.376546
0.437064 0.441408
0.509695 0.446858
0.58712 0.441371
0.596819 0.395426
0.369217 0.454974
0.276995 0.444206
0.286532 0.400808
0.475678 0.552321
0.470929 0.636073
0.441774 0.676757
0.402924 0.549556
0.422486 0.633548
1 0
0.43719 0.503637
next pose
0.432044 0.373761
0.436848 0.438756
0.509533 0.444135
0.567909 0.425151
0.596835 0.376489
0.36434 0.446863
0.286554 0.433327
0.281732 0.389973
0.470988 0.549576
0.47549 0.63083
0.437128 0.676715
0.388438 0.544204
1 0
1 0
0.432147 0.498217
next pose
0.436719 0.357548
0.42733 0.425229
0.490327 0.422412
0.558327 0.379137
0.616336 0.335888
0.359531 0.419815
0.286855 0.398173
0.252955 0.352169
0.475666 0.525199
0.475688 0.598303
0.446666 0.679359
0.393202 0.527916
0.407974 0.598349
0.427343 0.676754
0.4321 0.471212
next pose
0.427292 0.354759
0.432108 0.419686
0.485428 0.408979
0.553386 0.365642
0.625873 0.327803
0.364308 0.41969
0.296451 0.381986
0.252701 0.338708
0.475632 0.519844
0.470895 0.595713
0.451647 0.671428
0.393382 0.522609
0.412677 0.595683
0.436907 0.676806
0.432186 0.465796
next pose
0.427208 0.35201
0.427182 0.411683
0.480494 0.411658
0.548334 0.360253
1 0
0.364247 0.417019
0.291718 0.379102
0.252815 0.333274
0.475664 0.519847
0.466082 0.595715
0.44683 0.665988
0.398026 0.525211
0.412731 0.598321
0.427344 0.674056
0.43201 0.465745
next pose
0.412746 0.343986
0.422517 0.403643
0.47594 0.406282
0.538768 0.360258
1 0
0.364321 0.417027
0.29633 0.376559
0.272058 0.333122
0.47562 0.51714
0.465945 0.595622
0.446761 0.663232
0.398115 0.525192
0.408004 0.595636
0.417672 0.671404
0.427363 0.465703
next pose
0.41756 0.338703
0.412886 0.4009
0.480543 0.400838
0.533937 0.371007
1 0
0.359468 0.406247
0.291477 0.376489
0.281806 0.330469
0.475491 0.509027
0.461196 0.592943
0.441871 0.657949
0.393416 0.511723
0.403257 0.595513
0.417598 0.663351
0.422434 0.460394
next pose
0.431933 0.343962
0.4081 0.406254
0.480441 0.403563
0.543643 0.37633
1 0
0.359521 0.408969
0.28673 0.381865
0.30133 0.335902
0.470985 0.514434
0.451463 0.595573
0.441666 0.6606
0.39816 0.517222
0.403083 0.595619
0.412813 0.663307
0.427319 0.463099
next pose
0.431946 0.349383
0.412873 0.41437
0.475893 0.411666
0.543669 0.373752
1 0
0.364208 0.414394
0.286602 0.395364
0.306013 0.341355
0.461272 0.522528
0.441959 0.601001
0.4371 0.671345
0.393442 0.522619
0.403141 0.601
0.412853 0.676702
0.422468 0.465741
next pose
0.422474 0.354845
0.412819 0.41982
0.475847 0.419647
0.548347 0.376493
1 0
0.364272 0.41981
0.286922 0.398122
0.301223 0.34938
0.456331 0.525222
0.441897 0.606438
0.436875 0.676781
0.393193 0.525325
0.402951 0.609121
0.40807 0.679436
0.417657 0.468471
next pose
0.41751 0.35766
0.412667 0.4226
0.475866 0.422403
0.533963 0.38731
1 0
0.364204 0.425248
0.286768 0.406306
0.286682 0.357463
0.456304 0.528089
0.441806 0.61183
0.432163 0.676712
0.393177 0.530603
0.398378 0.614489
1 0
0.412816 0.48191
next pose
0.403251 0.368393
0.408058 0.438746
0.475862 0.441299
0.548381 0.417054
0.587283 0.379163
0.359544 0.444224
0.281758 0.441309
0.252857 0.398034
0.446767 0.549563
0.441671 0.630732
0.422484 0.674127
0.388486 0.549541
0.398216 0.633521
1 0
0.412743 0.495513
next pose
0.403135 0.376578
0.412691 0.438737
0.480657 0.441482
0.54362 0.427943
0.625868 0.400732
0.35921 0.446854
0.281868 0.449556
0.238191 0.414308
0.451541 0.549635
0.441865 0.620015
0.432045 0.674136
0.388465 0.549504
0.3982 0.62007
0.402915 0.663324
0.417599 0.498177
next pose
0.407935 0.379111
0.408041 0.441373
0.475767 0.444215
0.519412 0.444002
1 0
0.359385 0.452289
0.281851 0.462967
0.214064 0.422435
0.446675 0.555035
0.441927 0.614602
0.432036 0.674069
0.383619 0.552391
0.398055 0.620019
0.398292 0.655166
0.408053 0.506285
next pose
0.403251 0.37378
0.407799 0.441285
0.475935 0.444191
0.519389 0.446806
1 0
0.349689 0.449533
0.276883 0.463063
0.209139 0.430627
0.451465 0.53878
0.441971 0.595712
0.436667 0.67134
0.373952 0.544186
0.383566 0.582127
0.397941 0.638887
0.407819 0.495568
next pose
0.403202 0.371043
0.403317 0.435988
0.480475 0.443992
0.529047 0.45221
1 0
0.354489 0.446878
0.276962 0.463041
0.20917 0.43059
0.446872 0.546957
0.4421 0.601011
0.43707 0.665972
0.378818 0.549533
0.393394 0.601035
0.398315 0.660618
0.408018 0.498228
next pose
0.403021 0.357611
0.403059 0.425265
0.475721 0.438632
0.543504 0.463034
0.625987 0.479229
0.339947 0.443996
0.272167 0.446834
0.233273 0.408895
0.451598 0.527952
0.446697 0.592806
0.441778 0.663252
0.37401 0.530713
0.393419 0.595621
0.403149 0.665997
0.403299 0.48479
next pose
0.40285 0.357493
0.402834 0.422423
0.47088 0.427937
0.519422 0.460262
0.596933 0.473888
0.344779 0.435989
0.276921 0.433281
0.243199 0.39811
0.451482 0.527879
0.446796 0.592878
0.441709 0.665973
0.37395 0.528059
0.398098 0.598292
0.402947 0.671357
0.403191 0.481961
next pose
0.398118 0.357466
0.40287 0.419726
0.47551 0.422617
0.519258 0.457666
0.596967 0.473897
0.344826 0.433268
0.27213 0.422419
0.252797 0.379135
0.451456 0.517158
0.446803 0.592852
0.441887 0.663322
0.369186 0.522527
0.393297 0.5983
0.393421 0.660704
0.403328 0.471191
next pose
0.398129 0.357477
0.398303 0.419761
0.466147 0.422391
0.51457 0.452183
0.572703 0.473875
0.335149 0.42522
0.276844 0.419684
0.277089 0.373695
0.451504 0.509087
0.461285 0.584825
0.442035 0.660465
0.364408 0.511762
0.393232 0.592943
0.38852 0.663369
0.403163 0.465803
next pose
0.402931 0.360223
0.398246 0.42786
0.466123 0.427944
0.519282 0.446891
0.572759 0.465697
0.330363 0.42262
0.281621 0.41965
0.28175 0.3764
0.451635 0.51717
0.470874 0.590238
0.441911 0.666014
0.364311 0.519892
0.378763 0.593003
0.359484 0.666025
0.402972 0.471185
next pose
0.402911 0.360307
0.398398 0.430555
0.470819 0.433325
0.519459 0.446875
0.591963 0.4629
0.344799 0.435947
0.277034 0.422565
0.27693 0.3793
0.456282 0.525229
0.471013 0.592817
0.441816 0.671412
0.364226 0.528031
0.373887 0.601
0.354417 0.676769
0.402961 0.481985
next pose
0.402846 0.37101
0.403276 0.43058
0.475734 0.43862
0.519373 0.444261
1 0
0.354528 0.438669
0.28168 0.438735
0.252909 0.397987
0.45165 0.519866
0.475562 0.590215
0.441724 0.674061
0.373947 0.525226
0.383555 0.592824
0.339949 0.676829
0.407887 0.482005
next pose
0.403106 0.371048
0.407987 0.436001
0.480617 0.441303
0.538727 0.441481
0.592188 0.425255
0.354598 0.444191
0.281628 0.452198
0.243127 0.408944
0.466078 0.530698
0.475692 0.595611
0.441737 0.671424
0.383632 0.530782
0.378786 0.595581
0.325536 0.679496
0.41287 0.487435
next pose
0.407954 0.371024
0.427247 0.438617
0.49027 0.435967
0.563127 0.422475
0.596978 0.379123
0.359632 0.4469
0.291492 0.465877
0.238215 0.454941
0.470971 0.541536
0.470854 0.601057
0.441649 0.668729
0.393204 0.538805
0.369036 0.611836
0.330353 0.679617
0.432028 0.490151
next pose
0.408006 0.362975
0.432104 0.427941
0.490354 0.427893
0.558377 0.422536
0.587093 0.379126
0.3643 0.444105
0.315843 0.471143
0.272117 0.468542
0.47093 0.530718
0.470712 0.598392
0.441682 0.674047
0.393154 0.530681
0.369186 0.606417
0.349673 0.679523
0.432073 0.484771
next pose
0.412717 0.360281
0.432121 0.422584
0.490252 0.427937
0.567935 0.41982
0.563047 0.37913
0.364339 0.441436
0.315684 0.479268
1 0
0.470989 0.530673
0.466122 0.593001
0.441868 0.666001
0.397929 0.530718
0.369317 0.606473
0.359438 0.679469
0.432148 0.484742
next pose
0.412681 0.357646
0.436673 0.4224
0.485627 0.427831
0.572752 0.422584
0.54852 0.384647
0.364384 0.438686
0.320614 0.479275
1 0
0.470933 0.525298
0.466082 0.592879
0.442049 0.663281
0.398026 0.525265
0.378827 0.595558
0.369148 0.676696
0.432197 0.481972
next pose
0.40803 0.354855
0.431931 0.419734
0.480737 0.425284
0.558115 0.444085
0.543614 0.411689
0.364141 0.435979
0.320676 0.481933
0.242937 0.500884
0.465998 0.528072
0.470902 0.595583
0.442114 0.663358
0.39341 0.530627
0.398003 0.598425
0.39802 0.671347
0.427175 0.484632
next pose
0.407864 0.354938
0.42241 0.419857
0.480795 0.433335
0.543533 0.460318
0.553118 0.419709
0.359514 0.438671
0.32061 0.482047
1 0
0.466094 0.53074
0.47097 0.593018
0.446673 0.660606
0.398093 0.530796
0.40288 0.600998
0.403296 0.666018
0.422453 0.484807
next pose
0.403265 0.35749
0.403331 0.42519
0.475642 0.438708
0.485583 0.481965
1 0
0.359235 0.441333
0.315747 0.484614
0.223722 0.463128
0.475543 0.530683
0.485361 0.598388
0.466007 0.660608
0.398195 0.530779
0.403291 0.60376
0.412669 0.665958
0.422358 0.487283
next pose
0.403057 0.357598
0.403149 0.427855
0.470885 0.441302
0.485619 0.484634
0.480741 0.52524
0.354618 0.441461
0.306084 0.484612
0.242888 0.44691
0.475485 0.533392
0.514418 0.601028
0.475691 0.657821
0.398212 0.538808
0.407823 0.606437
0.412764 0.668639
0.422358 0.487461
next pose
0.398277 0.360337
0.398346 0.427888
0.466135 0.441384
0.480812 0.484576
0.480765 0.51174
0.340015 0.444248
0.296371 0.484672
0.248049 0.43331
0.466019 0.530807
0.533873 0.590271
0.485669 0.649712
0.398026 0.544166
0.403085 0.601112
0.40796 0.663259
0.412801 0.490125
next pose
0.398228 0.357626
0.398346 0.425267
0.466127 0.441268
0.490333 0.484805
0.524306 0.525211
0.335233 0.444077
0.28673 0.481901
0.252786 0.433307
0.456462 0.527919
0.533925 0.587508
0.49522 0.652427
0.388434 0.533425
0.403012 0.595692
0.40787 0.663324
0.407837 0.487331
next pose
0.398264 0.357452
0.398248 0.4252
0.466017 0.438628
0.490238 0.484778
0.519217 0.517178
0.33051 0.441516
0.286673 0.476622
0.25282 0.433329
0.451571 0.527857
0.529035 0.582058
0.495173 0.649776
0.373904 0.533352
0.402956 0.593012
0.412668 0.66599
0.403097 0.484772
next pose
0.402892 0.354857
0.398245 0.422589
0.466041 0.433337
0.490346 0.484719
0.495245 0.527916
0.335165 0.441291
0.286933 0.479259
0.252739 0.430569
0.451479 0.528047
0.51951 0.576755
0.485542 0.652421
0.36926 0.533493
0.403116 0.595608
0.412736 0.666
0.40306 0.484771
next pose
0.398295 0.352066
0.398422 0.417085
0.461246 0.425205
0.509722 0.465677
0.529147 0.465732
0.349687 0.433257
0.306109 0.476566
0.242931 0.454888
0.451539 0.525211
0.495073 0.576773
0.470848 0.644365
0.37401 0.530713
0.398235 0.595735
0.403325 0.665992
0.403134 0.482025
next pose
0.398302 0.35202
0.403066 0.417045
0.470869 0.425225
0.514611 0.46303
0.558117 0.465822
0.354494 0.433264
0.315778 0.479315
0.243015 0.465797
0.451556 0.514463
0.48043 0.57946
0.451464 0.655096
0.373981 0.525266
0.393139 0.590241
0.402869 0.663296
0.403307 0.476585
next pose
0.398092 0.354724
0.407803 0.419737
0.475841 0.42785
0.524363 0.463021
0.591946 0.463117
0.354657 0.436009
0.320703 0.484564
1 0
0.451543 0.525267
0.475497 0.592801
0.446655 0.660491
0.369244 0.52795
0.369277 0.592869
0.393252 0.663363
0.407939 0.482013
next pose
0.398214 0.354807
0.417642 0.4224
0.48059 0.433314
0.548505 0.460403
0.601809 0.435936
0.359625 0.436021
0.325632 0.484571
1 0
0.451609 0.525218
0.456358 0.592975
0.436707 0.663309
0.374026 0.525201
0.364176 0.593014
0.37392 0.660452
0.417571 0.481939
next pose
0.39822 0.357631
0.422492 0.425197
0.480846 0.441452
0.558328 0.463011
0.592028 0.419817
0.364157 0.438695
0.330467 0.484616
0.286764 0.506239
0.446717 0.530677
0.446685 0.595629
0.43217 0.663272
0.369107 0.525326
0.349689 0.592858
0.364259 0.657935
0.412872 0.48472
next pose
0.403021 0.373692
0.427173 0.438685
0.480819 0.444262
0.548342 0.465767
1 0
0.364229 0.444054
0.354447 0.49016
0.31098 0.527959
0.446681 0.528013
0.442079 0.609131
0.432158 0.663285
0.374005 0.525248
0.325585 0.592906
0.369186 0.638963
0.422388 0.487355
next pose
0.403174 0.373663
0.422432 0.436009
0.480731 0.444129
0.534014 0.468507
0.519563 0.438641
0.364069 0.444155
0.359218 0.49553
0.315753 0.5279
0.451525 0.530722
0.442059 0.609164
0.432207 0.663335
0.383701 0.528043
0.330451 0.595624
0.374013 0.636339
0.422416 0.487449
next pose
0.402891 0.368405
0.417667 0.435937
0.480659 0.441303
0.519516 0.479229
0.514506 0.44417
0.359632 0.444045
0.359296 0.490176
0.301328 0.514447
0.465957 0.525283
0.442041 0.603722
0.436746 0.665989
0.383732 0.525195
0.339973 0.595552
0.393418 0.636314
0.422531 0.48467
next pose
0.402947 0.360261
0.407836 0.427876
0.470874 0.441293
0.485581 0.481936
0.51927 0.465671
0.359386 0.441517
0.359592 0.490177
1 0
0.446758 0.525218
0.441831 0.603784
0.436717 0.663343
0.373898 0.5226
0.335127 0.592977
0.393244 0.638916
0.40808 0.484657
next pose
0.398094 0.357413
0.402814 0.419819
0.466012 0.425252
0.480559 0.47655
1 0
0.344931 0.438641
0.335202 0.484602
0.364128 0.50905
0.441751 0.511738
0.446618 0.590214
0.441921 0.663222
0.369255 0.514467
0.349584 0.590128
0.37395 0.65518
0.403102 0.473856
next pose
0.398022 0.354883
0.398373 0.419706
0.461305 0.425197
0.48044 0.473905
1 0
0.344779 0.438609
0.325608 0.484597
1 0
0.441796 0.511755
0.470954 0.592823
0.446683 0.657956
0.369141 0.514459
0.354519 0.5875
0.369226 0.657792
0.403045 0.471197
next pose
0.393317 0.354897
0.398313 0.419865
0.45643 0.430591
0.480565 0.476554
0.495139 0.509014
0.349636 0.438732
0.32528 0.484557
1 0
0.43717 0.50919
0.480491 0.587449
0.446844 0.655072
0.369137 0.511843
0.359542 0.579395
0.374028 0.657963
0.402911 0.471169
next pose
0.393429 0.357517
0.39823 0.422542
0.451566 0.438636
0.480417 0.484687
0.485526 0.511715
0.344887 0.441428
0.320553 0.484637
1 0
0.437064 0.514443
0.504731 0.584773
0.451494 0.644383
0.369195 0.519857
0.36426 0.590222
0.378876 0.660675
0.398429 0.481908
next pose
0.397928 0.365681
0.397944 0.43601
0.44659 0.441403
0.475504 0.484669
0.471004 0.509125
0.339992 0.44425
0.325349 0.492816
1 0
0.437165 0.527847
0.519277 0.579419
0.47599 0.647052
0.364355 0.530711
0.369244 0.595636
0.398051 0.665942
0.398367 0.487341
next pose
0.397983 0.373803
0.398019 0.438735
0.446731 0.444197
0.475575 0.487494
0.480607 0.522573
0.335286 0.449578
0.32073 0.498221
1 0
0.441694 0.527994
0.519532 0.579417
0.480677 0.649747
0.364428 0.530761
0.36915 0.598306
0.398088 0.665967
0.402842 0.487504
next pose
0.398197 0.376381
0.398152 0.438661
0.451556 0.444228
0.470997 0.490141
0.475633 0.522589
0.33527 0.446843
0.320787 0.50356
0.286611 0.511828
0.437143 0.528059
0.519365 0.57941
0.480522 0.649727
0.36909 0.530733
0.369158 0.598341
0.398172 0.665941
0.402914 0.487478
next pose
0.402885 0.37368
0.398247 0.435962
0.446849 0.444157
0.46613 0.487339
1 0
0.339997 0.446778
0.320796 0.503593
0.281948 0.514457
0.437066 0.533448
0.514672 0.579361
0.475605 0.647062
0.369243 0.541528
0.369216 0.595741
0.398066 0.663307
0.402945 0.490205
next pose
0.403137 0.362968
0.398324 0.427878
0.451449 0.441438
0.466116 0.487319
0.441832 0.519862
0.340072 0.441506
0.325284 0.490177
1 0
0.436913 0.530753
0.509633 0.582094
0.461278 0.641718
0.369167 0.53346
0.374033 0.595756
0.398002 0.660638
0.398397 0.487452
next pose
0.403301 0.357573
0.402927 0.422437
0.461114 0.438718
0.475672 0.484618
0.441751 0.506407
0.349617 0.435951
0.325565 0.4848
0.344941 0.514478
0.437003 0.527879
0.47572 0.587565
0.441787 0.652437
0.364237 0.527977
0.36432 0.592861
0.374055 0.660546
0.402869 0.484586
next pose
0.403301 0.357573
0.402927 0.422437
0.461114 0.438718
0.475672 0.484618
0.441751 0.506407
0.349617 0.435951
0.325565 0.4848
0.344941 0.514478
0.437003 0.527879
0.47572 0.587565
0.441787 0.652437
0.364237 0.527977
0.36432 0.592861
0.374055 0.660546
0.402869 0.484586
next pose
0.407941 0.357457
0.403203 0.422524
0.470733 0.438641
0.475912 0.484783
1 0
0.354574 0.433326
0.339972 0.484735
0.349693 0.522568
0.441761 0.522577
0.441871 0.590174
0.43223 0.657924
0.364437 0.525224
0.364265 0.595643
0.364541 0.674056
0.403164 0.479297
next pose
0.407941 0.357457
0.403203 0.422524
0.470733 0.438641
0.475912 0.484783
1 0
0.354574 0.433326
0.339972 0.484735
0.349693 0.522568
0.441761 0.522577
0.441871 0.590174
0.43223 0.657924
0.364437 0.525224
0.364265 0.595643
0.364541 0.674056
0.403164 0.479297
next pose
0.40803 0.362997
0.407918 0.430594
0.475617 0.444246
0.480741 0.500881
0.475807 0.525265
0.35941 0.444123
0.349702 0.490065
0.340112 0.527862
0.441748 0.541483
0.436902 0.601099
0.403349 0.660614
0.369223 0.533496
0.359531 0.611768
0.325687 0.690318
0.40783 0.490107
next pose
0.40803 0.362997
0.407918 0.430594
0.475617 0.444246
0.480741 0.500881
0.475807 0.525265
0.35941 0.444123
0.349702 0.490065
0.340112 0.527862
0.441748 0.541483
0.436902 0.601099
0.403349 0.660614
0.369223 0.533496
0.359531 0.611768
0.325687 0.690318
0.40783 0.490107
next pose
0.417543 0.371053
0.408098 0.43597
0.475705 0.446867
0.480483 0.50636
0.475639 0.541476
0.35956 0.443998
0.330286 0.48753
0.330412 0.522567
0.436939 0.54972
0.43718 0.609186
0.402985 0.6606
0.364176 0.546918
0.354519 0.614631
0.306153 0.698432
0.403157 0.49819
next pose
0.417502 0.362925
0.408062 0.427868
0.475716 0.444135
0.480504 0.500904
0.466003 0.536068
0.359471 0.441278
0.320756 0.484667
0.339977 0.508975
0.436995 0.536156
0.437151 0.601042
0.403161 0.660448
0.364299 0.5308
0.35439 0.611784
0.310983 0.687592
0.403147 0.487484
next pose
0.412767 0.360346
0.412697 0.422609
0.475654 0.441262
0.480555 0.487445
0.470772 0.522602
0.359548 0.438645
0.320589 0.482042
0.364193 0.492845
0.437181 0.530814
0.437022 0.598325
0.403361 0.660562
0.364391 0.528074
0.354466 0.598401
0.320615 0.682255
0.40322 0.484801
next pose
0.407978 0.357609
0.407934 0.422393
0.47576 0.433287
0.504808 0.468541
0.49029 0.509064
0.359166 0.430606
0.310963 0.471159
0.320639 0.487395
0.441873 0.525286
0.437194 0.593012
0.427244 0.660531
0.369063 0.522578
0.359205 0.592928
0.359359 0.663377
0.403237 0.479253
next pose
0.407903 0.357592
0.407871 0.422393
0.475735 0.433272
0.509585 0.468416
0.509473 0.508962
0.354659 0.433313
0.310923 0.471219
0.320455 0.490172
0.441928 0.527909
0.437198 0.592985
0.431989 0.660541
0.369151 0.525293
0.359445 0.592868
0.364292 0.660529
0.403254 0.481942
next pose
0.403321 0.360214
0.40794 0.425147
0.475803 0.438752
0.519213 0.468522
0.509725 0.508994
0.359241 0.441294
0.315677 0.481893
0.301304 0.511797
0.441775 0.530789
0.441671 0.595646
0.417689 0.657835
0.369067 0.530753
0.364391 0.603774
0.393374 0.657828
0.403215 0.487304
next pose
0.407921 0.362983
0.412667 0.427892
0.475925 0.441528
0.519483 0.473867
0.519229 0.509084
0.359304 0.441489
0.320367 0.484647
0.301315 0.525195
0.442059 0.528081
0.437159 0.595612
0.408091 0.657905
0.369244 0.530604
0.364558 0.601051
0.398089 0.65787
0.407864 0.487344
next pose
0.407978 0.371029
0.412739 0.435935
0.480432 0.446795
0.519353 0.479287
0.514442 0.509034
0.359276 0.444141
0.32531 0.490101
0.31561 0.530666
0.442087 0.530665
0.437169 0.6064
0.403122 0.660677
0.369187 0.530634
0.374104 0.601059
1 0
0.407955 0.48745
next pose
0.40809 0.365629
0.412683 0.430556
0.475875 0.4441
0.519388 0.479326
0.519549 0.509058
0.359285 0.44152
0.325448 0.487484
0.320622 0.530712
0.446784 0.528002
0.437136 0.603758
0.403105 0.66329
0.37879 0.528002
0.378737 0.601053
1 0
0.408063 0.487285
next pose
0.408078 0.36295
0.407877 0.42514
0.475574 0.441426
0.514696 0.479232
0.519401 0.509006
0.354675 0.441317
0.325403 0.484794
0.32073 0.527951
0.446641 0.527927
0.437188 0.595698
0.407898 0.660716
0.378827 0.528008
0.393295 0.598314
1 0
0.407859 0.484697
next pose
0.407886 0.360233
0.403298 0.422599
0.470904 0.438639
0.509744 0.471233
0.519327 0.509084
0.359169 0.438702
0.325357 0.484667
0.32537 0.525293
0.446841 0.522526
0.437138 0.592988
0.407931 0.663324
0.388482 0.52522
0.393443 0.59561
0.398346 0.66596
0.407923 0.481931
next pose
0.407925 0.360196
0.403326 0.422563
0.475528 0.438591
0.495174 0.484596
0.485537 0.514503
0.354643 0.433338
0.325469 0.482028
0.330242 0.519874
0.446794 0.522619
0.43715 0.592972
0.41275 0.663242
0.383698 0.525233
0.393214 0.595567
0.398262 0.663249
0.407977 0.479328