0.431942 0.33869
0.427349 0.409002
0.485523 0.414301
0.519551 0.371025
1 0
0.359248 0.417092
0.286912 0.376425
0.286875 0.314337
0.475962 0.536148
0.465949 0.622667
0.446815 0.701159
0.383719 0.533421
0.398153 0.622729
0.398274 0.706594
0.432081 0.473917
next pose
0.427192 0.33864
0.427209 0.408971
0.480781 0.414333
0.514664 0.368333
1 0
0.359295 0.417048
0.291706 0.373802
0.291662 0.311591
0.480653 0.536142
0.461239 0.625347
0.442096 0.701213
0.393273 0.536098
0.398188 0.625436
0.403059 0.706537
0.432152 0.473905
next pose
0.417627 0.338694
0.42241 0.411636
0.480552 0.406265
0.514388 0.363009
1 0
0.354661 0.416971
0.301175 0.36833
0.296414 0.308808
0.480406 0.533363
0.46613 0.625351
0.4466 0.701193
0.383615 0.53082
0.398209 0.625422
0.403131 0.706574
0.427304 0.468523
next pose
0.422474 0.341264
0.417535 0.411639
0.480411 0.408977
0.514397 0.362968
1 0
0.354604 0.41435
0.301347 0.365634
0.296424 0.306093
0.475777 0.533425
0.466061 0.622752
0.446643 0.701193
0.373951 0.530811
0.398231 0.62542
0.403096 0.706627
0.422493 0.468545
next pose
0.422408 0.338719
0.41282 0.408956
0.475908 0.40896
0.50972 0.365669
1 0
0.354576 0.411674
0.306009 0.360289
0.296391 0.295377
0.475646 0.530769
0.46126 0.62274
0.46114 0.703814
0.369197 0.530709
0.398282 0.625414
0.403029 0.706622
0.422393 0.468435
next pose
0.422455 0.338692
0.412732 0.406273
0.475908 0.406247
0.509608 0.365659
1 0
0.35463 0.41163
0.310892 0.362905
0.296338 0.30068
0.470934 0.530697
0.4661 0.622744
0.44665 0.701071
0.35957 0.530691
0.398405 0.625391
0.403105 0.706571
0.412763 0.465889
next pose
0.417519 0.34128
0.41269 0.406239
0.475959 0.403546
0.514604 0.365679
0.451535 0.362964
0.354563 0.411646
0.311004 0.362919
0.296353 0.303414
0.470979 0.530749
0.461264 0.63081
0.451496 0.703815
0.369048 0.530695
0.398259 0.628125
0.402956 0.706586
0.417581 0.465894
next pose
0.412826 0.341284
0.408036 0.406247
0.475906 0.400861
0.519249 0.365676
1 0
0.354553 0.411601
0.310899 0.360228
0.291532 0.300689
0.470913 0.530649
0.451527 0.630744
0.451498 0.703911
0.364449 0.530617
0.398241 0.630813
0.402969 0.70664
0.417535 0.46579
next pose
0.412862 0.341283
0.407941 0.406209
0.475905 0.400913
0.51452 0.370992
0.446751 0.360222
0.354547 0.408953
0.315788 0.360196
0.291573 0.29531
0.470833 0.528024
0.451536 0.625391
0.446876 0.703822
0.369065 0.527979
0.398238 0.628095
0.398303 0.706622
0.412821 0.46571
next pose
0.408038 0.341301
0.407972 0.406196
0.480411 0.39818
0.543618 0.362952
1 0
0.354492 0.406282
0.315844 0.360245
0.291568 0.295295
0.470734 0.528005
0.456284 0.625387
0.451658 0.703848
0.364505 0.527979
0.39821 0.628124
0.398313 0.706677
0.412769 0.46567
next pose
0.407978 0.341336
0.40804 0.406197
0.480549 0.398043
0.553315 0.360316
1 0
0.354545 0.406259
0.315768 0.357606
0.291537 0.29266
0.470759 0.528001
0.446848 0.622708
0.451542 0.703869
0.369054 0.527967
0.398086 0.622754
0.398305 0.706657
0.412796 0.463163
next pose
0.407889 0.338706
0.408075 0.406235
0.480565 0.398025
0.558123 0.362928
1 0
0.354569 0.406235
0.315734 0.357571
0.28701 0.292597
0.466079 0.530658
0.446753 0.630759
0.451584 0.703922
0.364212 0.53065
0.398198 0.630831
0.398286 0.709339
0.408095 0.465702
next pose
0.407858 0.341265
0.408042 0.406277
0.480576 0.398034
0.558218 0.36301
1 0
0.354398 0.40358
0.315595 0.354848
0.286956 0.292587
0.461175 0.530729
0.451437 0.63079
0.456317 0.703837
0.359527 0.530729
0.398157 0.630779
0.398397 0.711951
0.407901 0.465741
next pose
0.407861 0.33859
0.407929 0.406191
0.480444 0.395446
0.553456 0.360315
1 0
0.354429 0.403523
0.315612 0.357448
0.291685 0.292627
0.461166 0.530687
0.44683 0.628062
0.456412 0.703908
0.364063 0.530713
0.39819 0.62804
0.398268 0.711989
0.407904 0.465696
next pose
0.407923 0.338623
0.407986 0.403607
0.480386 0.395455
1 0
1 0
0.354393 0.403524
0.310982 0.354819
0.291706 0.292611
0.461219 0.530699
0.446712 0.625423
0.456451 0.701243
0.364313 0.530768
0.398119 0.625419
0.398302 0.709293
0.408013 0.465736
next pose
0.403295 0.338579
0.407945 0.40349
0.475973 0.398063
0.55334 0.360331
1 0
0.354408 0.403504
0.306156 0.35483
0.291729 0.292624
0.461181 0.533355
0.446905 0.628066
0.451628 0.701189
0.364182 0.533399
0.398127 0.628064
0.39831 0.711953
0.40797 0.465814
next pose
0.403222 0.338583
0.407921 0.406231
0.475959 0.395419
0.553199 0.362985
1 0
0.34972 0.403499
0.301332 0.354779
0.291637 0.292582
0.466056 0.533378
0.45147 0.625377
0.45628 0.701182
0.364351 0.533418
0.398216 0.625388
0.39818 0.709235
0.407998 0.465808
next pose
0.407896 0.338595
0.40791 0.406286
0.480394 0.398099
0.54849 0.36027
1 0
0.349793 0.406228
0.301177 0.354857
0.291514 0.29257
0.470902 0.530776
0.451521 0.620039
0.451514 0.701186
0.36913 0.53335
0.398174 0.622645
0.398268 0.709327
0.412785 0.465829
next pose
0.407956 0.338624
0.403312 0.406231
0.47555 0.403629
0.5048 0.371058
0.4417 0.357637
0.354389 0.40896
0.301205 0.354882
0.286995 0.292605
0.470982 0.530759
0.451534 0.622681
0.456352 0.701255
0.373966 0.530813
0.398193 0.622647
0.398167 0.709274
0.412812 0.46845
next pose
0.408049 0.338706
0.403255 0.406257
0.475538 0.406223
0.509635 0.368396
0.441783 0.357672
0.349776 0.408892
0.296459 0.354852
0.286995 0.292592
0.475468 0.530827
0.446845 0.622707
0.461205 0.703835
0.369077 0.533422
0.398138 0.622752
0.398249 0.70929
0.412661 0.468473
next pose
0.407887 0.338651
0.403266 0.408905
0.475586 0.400942
0.51442 0.368375
1 0
0.349741 0.408901
0.301228 0.357498
0.286954 0.292648
0.475562 0.533367
0.45153 0.622683
0.451554 0.703786
0.369236 0.533472
0.398192 0.620008
0.39812 0.706541
0.412777 0.468476
next pose
0.407953 0.33866
0.407831 0.406269
0.47571 0.40084
0.514368 0.368323
1 0
0.349814 0.408924
0.301192 0.357534
0.286829 0.292678
0.475556 0.533487
0.451627 0.622649
0.451539 0.701216
0.369182 0.5361
0.398234 0.620056
0.398252 0.70663
0.412813 0.468499
next pose
0.407859 0.33864
0.403345 0.406277
0.47566 0.403529
0.504849 0.368343
1 0
0.349728 0.408945
0.301257 0.357553
0.286881 0.292702
0.475502 0.53612
0.451465 0.625356
0.446804 0.703771
0.36454 0.538816
0.398181 0.620045
0.398152 0.706621
0.412726 0.47115
next pose
0.407823 0.338618
0.40332 0.40892
0.475668 0.400835
0.509612 0.362952
1 0
0.349687 0.408903
0.301211 0.357511
0.286901 0.292738
0.475615 0.536159
0.45158 0.622712
0.451447 0.701116
0.369114 0.538831
0.398094 0.62003
0.398283 0.706515
0.412789 0.468548
next pose
0.407919 0.338599
0.407899 0.408918
0.475577 0.406217
0.50479 0.365646
0.437118 0.35755
0.354467 0.411649
0.30128 0.357589
0.286824 0.295252
0.475617 0.533451
0.451583 0.622666
0.451628 0.701241
0.369222 0.533486
0.39804 0.62002
0.398137 0.706618
0.412877 0.471146
next pose
0.408067 0.33863
0.403264 0.408913
0.47566 0.403581
0.509593 0.365629
0.441802 0.357591
0.349665 0.408901
0.301179 0.357517
0.286907 0.295278
0.475538 0.533494
0.456325 0.628075
0.45158 0.7038
0.364477 0.536095
0.397978 0.625422
0.398293 0.706628
0.412706 0.468545
next pose
0.407927 0.338615
0.403226 0.408971
0.475517 0.406283
0.504852 0.365705
1 0
0.349668 0.408948
0.296505 0.357499
0.286789 0.292736
0.475541 0.533499
0.451502 0.628077
0.446767 0.703811
0.364439 0.536066
0.398077 0.622722
0.398034 0.706622
0.408063 0.471151
next pose
0.407991 0.338594
0.403275 0.40896
0.475597 0.406224
0.509582 0.365653
0.437114 0.357504
0.34974 0.408917
0.301286 0.357567
0.286877 0.295379
0.47553 0.533385
0.451468 0.620063
0.451631 0.703768
0.364511 0.533424
0.397988 0.622639
0.398071 0.706535
0.412696 0.468521
next pose
0.407884 0.338575
0.403259 0.411615
0.475515 0.406287
0.504813 0.365694
0.437128 0.357512
0.34975 0.411624
0.301206 0.357582
0.286667 0.295278
0.47096 0.53616
0.456299 0.625361
0.45155 0.703885
0.364441 0.536124
0.398038 0.622731
0.398181 0.706636
0.40803 0.473852
next pose
0.408068 0.338623
0.407858 0.408965
0.475664 0.406213
0.504841 0.365643
0.437118 0.357534
0.3544 0.411592
0.296527 0.357551
0.286735 0.295285
0.475609 0.53349
0.451511 0.619948
0.446855 0.701222
0.36902 0.533491
0.398076 0.620042
0.398034 0.706591
0.412779 0.471144
next pose
0.407921 0.338623
0.403283 0.408913
0.475533 0.408924
0.504865 0.365617
0.437046 0.357455
0.349747 0.408962
0.301224 0.35758
0.286656 0.295337
0.475616 0.533401
0.451489 0.619975
0.446786 0.70378
0.364528 0.533387
0.398088 0.622669
0.398243 0.706598
0.41268 0.468565
next pose
0.408046 0.338657
0.403317 0.408964
0.475563 0.408935
0.509696 0.362927
0.441698 0.357503
0.349809 0.408951
0.301203 0.35762
0.286636 0.295406
0.475602 0.530811
0.446743 0.619948
0.446741 0.703875
0.36454 0.530835
0.398015 0.622687
0.39815 0.706621
0.412734 0.468506
next pose
0.407902 0.338601
0.403299 0.408966
0.475531 0.406198
0.50968 0.362939
1 0
0.349743 0.411613
0.296445 0.357599
0.28661 0.295379
0.475632 0.530787
0.451469 0.619998
0.456312 0.703901
0.36438 0.530803
0.397976 0.622704
0.398382 0.706571
0.412669 0.468466
next pose
0.403294 0.338579
0.403266 0.408968
0.475506 0.406256
0.509734 0.362975
1 0
0.349641 0.408974
0.291727 0.357548
0.282068 0.297973
0.475633 0.533372
0.44686 0.61996
0.446822 0.703834
0.364405 0.530818
0.398075 0.620069
0.398182 0.706583
0.408076 0.468475
next pose
0.407887 0.338571
0.40328 0.408969
0.475499 0.411636
0.509709 0.362982
1 0
0.349709 0.411614
0.291748 0.357582
0.28209 0.297991
0.47563 0.53081
0.451547 0.619947
0.446728 0.701182
0.369122 0.530812
0.398008 0.622647
0.398068 0.706522
0.412718 0.468512
next pose
0.407894 0.338597
0.403246 0.408921
0.475533 0.406288
0.509746 0.362975
1 0
0.349622 0.411601
0.291588 0.357545
0.281969 0.297964
0.475624 0.530798
0.451477 0.617348
0.442093 0.70122
0.364532 0.530791
0.398041 0.619976
0.398271 0.706567
0.408077 0.468454
next pose
0.403312 0.338604
0.403154 0.408971
0.470862 0.414309
0.509676 0.363021
0.441706 0.357488
0.34967 0.408981
0.291658 0.35762
0.281945 0.300724
0.475666 0.533466
0.446821 0.622723
0.451516 0.703824
0.369047 0.536073
0.397976 0.625429
0.398049 0.706625
0.408053 0.47117
next pose
0.403226 0.338561
0.403194 0.4116
0.470971 0.411662
0.509755 0.362977
1 0
0.349617 0.411677
0.291605 0.357672
0.281907 0.300707
0.47565 0.533502
0.446733 0.620061
0.442087 0.703781
0.364465 0.536099
0.397981 0.62268
0.398158 0.706565
0.408027 0.471218
next pose
0.403201 0.338572
0.403159 0.408998
0.470975 0.414328
0.514347 0.360339
1 0
0.344933 0.411613
0.291561 0.357628
0.281773 0.300675
0.47571 0.533423
0.446651 0.622677
0.446844 0.703831
0.364473 0.536079
0.393353 0.625418
0.398139 0.706559
0.408029 0.471142
next pose
0.403105 0.338561
0.403117 0.408926
0.470894 0.414362
0.509736 0.362987
1 0
0.344928 0.411631
0.291598 0.360208
0.281749 0.300681
0.475692 0.536068
0.446663 0.622674
0.45151 0.703796
0.364541 0.538793
0.393375 0.625389
0.398336 0.706541
0.408014 0.47123
next pose
0.403029 0.338634
0.403138 0.406258
0.470914 0.414298
0.509776 0.362958
1 0
0.344966 0.411641
0.286814 0.360297
0.281647 0.298037
0.475563 0.530833
0.451478 0.617373
0.446825 0.70116
0.364517 0.533441
0.378817 0.625427
0.397962 0.70654
0.40799 0.46857
next pose
0.402881 0.338626
0.403085 0.406272
0.470851 0.414337
0.509755 0.362982
1 0
0.344826 0.411649
0.286691 0.360315
0.281587 0.300725
0.475643 0.533415
0.446706 0.625413
0.456283 0.703827
0.364537 0.536121
0.374009 0.633427
0.398152 0.706538
0.407973 0.471193
next pose
0.402834 0.338612
0.402877 0.408901
0.470769 0.416962
0.514339 0.362934
1 0
0.335114 0.411623
0.282029 0.360268
0.272118 0.303414
0.470999 0.544189
0.470987 0.64161
0.461286 0.703845
0.364201 0.549515
0.378756 0.641689
0.402845 0.706536
0.403195 0.479295
next pose
0.398236 0.338657
0.402835 0.411633
0.47076 0.417003
0.509761 0.365634
1 0
0.335116 0.414315
0.281763 0.360249
0.262475 0.30606
0.470978 0.541508
0.480611 0.633547
0.456458 0.698411
0.364354 0.546913
0.383576 0.6416
0.402891 0.703928
0.403228 0.481881
next pose
0.398202 0.341267
0.402883 0.414349
0.470831 0.417079
0.514312 0.365662
1 0
0.335123 0.4144
0.281771 0.362937
0.257739 0.308732
0.470867 0.544247
0.490414 0.630728
0.470809 0.684932
0.364232 0.549569
0.383633 0.641665
0.403002 0.7038
0.403173 0.482023
next pose
0.398205 0.341337
0.398342 0.417019
0.470724 0.41977
0.514303 0.362969
1 0
0.330417 0.417008
0.281712 0.362992
0.252713 0.308728
0.470804 0.544163
0.519207 0.633429
0.461237 0.684939
0.364061 0.549582
0.383669 0.644376
0.403313 0.701232
0.403032 0.484547
next pose
0.398205 0.341337
0.398342 0.417019
0.470724 0.41977
0.514303 0.362969
1 0
0.330417 0.417008
0.281712 0.362992
0.252713 0.308728
0.470804 0.544163
0.519207 0.633429
0.461237 0.684939
0.364061 0.549582
0.383669 0.644376
0.403313 0.701232
0.403032 0.484547
next pose
0.39817 0.338619
0.398222 0.408937
0.465932 0.416996
0.514343 0.363
1 0
0.33034 0.414324
0.277089 0.360228
0.247969 0.300757
0.465994 0.530692
0.514587 0.628061
0.46613 0.703866
0.364191 0.530791
0.374075 0.622698
0.403056 0.70114
0.403048 0.4712
next pose
0.398297 0.336021
0.398201 0.40357
0.461141 0.41429
0.509739 0.365659
1 0
0.330269 0.411611
0.276969 0.357539
0.243321 0.295319
0.466044 0.530687
0.50964 0.628107
0.470946 0.703855
0.359495 0.530792
0.383705 0.625422
0.403129 0.701239
0.402954 0.468541
next pose
0.398118 0.33324
0.398418 0.400744
0.466127 0.398179
0.514594 0.360295
1 0
0.335226 0.403593
0.281832 0.357492
0.24323 0.292659
0.466127 0.527874
0.490226 0.62535
0.475487 0.703832
0.364405 0.528006
0.393249 0.628124
0.403185 0.703897
0.40324 0.463149
next pose
0.398118 0.33324
0.398418 0.400744
0.466127 0.398179
0.514594 0.360295
1 0
0.335226 0.403593
0.281832 0.357492
0.24323 0.292659
0.466127 0.527874
0.490226 0.62535
0.475487 0.703832
0.364405 0.528006
0.393249 0.628124
0.403185 0.703897
0.40324 0.463149
next pose
0.398046 0.330471
0.403242 0.398158
0.475718 0.392732
0.514457 0.360249
1 0
0.340012 0.400802
0.281937 0.354738
0.243258 0.292488
0.466136 0.519915
0.480424 0.617351
0.470753 0.690294
0.364099 0.525299
0.397963 0.619963
0.403026 0.703911
0.403279 0.462935
next pose
0.398046 0.330471
0.403242 0.398158
0.475718 0.392732
0.514457 0.360249
1 0
0.340012 0.400802
0.281937 0.354738
0.243258 0.292488
0.466136 0.519915
0.480424 0.617351
0.470753 0.690294
0.364099 0.525299
0.397963 0.619963
0.403026 0.703911
0.403279 0.462935
next pose
0.398268 0.333063
0.407991 0.398218
0.475901 0.392713
0.514494 0.360294
1 0
0.344903 0.400778
0.286578 0.354752
0.248148 0.290012
0.470788 0.525269
0.4756 0.617333
0.465939 0.69034
0.364422 0.527893
0.398055 0.620067
0.403044 0.706529
0.408055 0.462975
next pose
0.407926 0.333288
0.408028 0.400752
0.475828 0.400799
0.519204 0.360342
1 0
0.354492 0.406296
0.286902 0.357506
0.257558 0.292688
0.470758 0.527959
0.466117 0.617249
0.45639 0.695715
0.369026 0.528013
0.398116 0.617413
0.40324 0.703904
0.412759 0.465681
next pose
0.412788 0.335908
0.417533 0.40361
0.48051 0.406253
0.519461 0.3603
1 0
0.354644 0.411655
0.291473 0.360262
0.276893 0.308754
0.470864 0.527978
0.470791 0.620018
1 0
0.369294 0.528033
0.398232 0.625347
0.407822 0.703975
0.417653 0.465797
next pose
0.422458 0.336049
0.422427 0.403515
0.480671 0.411663
0.529021 0.362905
1 0
0.359304 0.414343
0.291501 0.362934
0.276976 0.311431
0.475605 0.530593
0.470944 0.617309
0.461253 0.690337
0.383712 0.530607
0.398364 0.620032
0.403319 0.703919
0.427257 0.468463
next pose
0.431982 0.338687
0.43194 0.408907
0.485391 0.411681
0.54352 0.357607
1 0
0.359545 0.414375
0.291645 0.365618
0.277103 0.311481
0.475792 0.541503
0.470794 0.625387
0.456454 0.701062
0.388511 0.544168
0.403034 0.625388
0.412758 0.703969
0.431995 0.479253
next pose
0.427207 0.338677
0.431988 0.408998
0.485481 0.411681
0.538836 0.357524
1 0
0.359527 0.414344
0.291683 0.362997
0.281612 0.31147
0.47591 0.536067
0.470996 0.628082
0.466006 0.701207
0.393268 0.536126
0.40294 0.620003
0.412718 0.703924
0.432065 0.47392
next pose
0.422494 0.338679
0.43207 0.408929
0.485461 0.411657
0.548299 0.357601
1 0
0.359649 0.414371
0.301243 0.36298
0.281675 0.308876
0.475975 0.538799
0.475518 0.625413
0.46602 0.701059
0.393271 0.53886
0.403045 0.625383
0.408103 0.70393
0.432129 0.476611
next pose
0.422442 0.338676
0.432044 0.406288
0.485587 0.408933
0.548368 0.362952
1 0
0.359604 0.411662
0.306078 0.362906
0.281808 0.308787
0.480501 0.536066
0.475632 0.617345
0.46603 0.687657
0.393296 0.538817
0.403043 0.625427
0.408068 0.703876
0.432171 0.473846
next pose
0.427219 0.338706
0.432087 0.408901
0.485604 0.41165
0.553065 0.365663
1 0
0.364155 0.411683
0.31098 0.362917
0.282097 0.308816
0.480748 0.530825
0.475737 0.614488
0.466055 0.687642
0.398119 0.530837
0.402957 0.6174
0.407967 0.701213
0.436853 0.468567
next pose
0.427275 0.341288
0.432126 0.408945
0.485548 0.414311
0.553205 0.365677
0.567895 0.306113
0.364301 0.414284
0.311022 0.3629
0.286703 0.308766
0.480622 0.530839
0.475771 0.614537
0.466057 0.687648
0.39812 0.530834
0.402919 0.620015
0.40795 0.701229
0.436828 0.471148
next pose
0.431944 0.341308
0.432108 0.411625
0.485605 0.411675
0.553106 0.365626
0.572652 0.300755
0.364273 0.411688
0.311006 0.362978
0.286747 0.30877
0.480698 0.533446
0.475785 0.6118
0.470894 0.682273
0.398168 0.536079
0.402994 0.619972
0.407933 0.701162
0.436867 0.471217
next pose
0.431957 0.341337
0.432133 0.411696
0.48565 0.414292
0.553171 0.365678
0.567894 0.311445
0.364244 0.414298
0.315645 0.362977
0.28672 0.308754
0.480645 0.53612
0.475758 0.614456
0.470805 0.684989
0.398128 0.538837
0.403011 0.620025
0.408071 0.701137
0.436821 0.476524
next pose
0.427335 0.341357
0.432189 0.411624
0.485403 0.414305
0.538781 0.373756
1 0
0.364402 0.41432
0.315804 0.365606
0.286811 0.306168
0.480608 0.544165
0.475813 0.61732
0.470772 0.693002
0.398055 0.546872
0.403053 0.636095
0.417586 0.703775
0.436764 0.47926
next pose
0.427268 0.344012
0.432195 0.411665
0.490271 0.41432
0.553081 0.365651
1 0
0.36435 0.414328
0.315782 0.365631
0.286896 0.308778
0.480771 0.53877
0.475886 0.617333
0.451631 0.695713
0.398395 0.538801
0.403235 0.63084
0.41759 0.703833
0.437005 0.476551
next pose
0.427218 0.344
0.432133 0.411668
0.485526 0.414357
0.548545 0.368385
1 0
0.364321 0.414308
0.315852 0.365635
0.286958 0.306161
0.48053 0.546963
0.475837 0.625419
0.456409 0.692998
0.398061 0.546918
0.403224 0.633557
0.412679 0.70386
0.436717 0.481882
next pose
0.427208 0.344048
0.432207 0.41166
0.49023 0.414343
0.54855 0.365641
0.563112 0.314226
0.364346 0.414351
0.31575 0.36561
0.29145 0.308746
0.480713 0.549562
0.475819 0.622701
0.456323 0.693017
0.398135 0.549518
0.403319 0.630731
0.41283 0.703857
0.436854 0.481944
next pose
0.427284 0.346653
0.432133 0.411643
0.485484 0.414327
0.548525 0.36299
0.563184 0.314202
0.364372 0.414337
0.315765 0.365678
0.286982 0.308776
0.480793 0.544223
0.475755 0.620038
0.446859 0.695747
0.398171 0.544214
0.4033 0.633419
0.412828 0.703843
0.436849 0.479271
next pose
0.42736 0.344021
0.432185 0.411685
0.485626 0.414331
0.548516 0.357598
1 0
0.364277 0.414384
0.310869 0.362963
0.286902 0.306091
0.480787 0.541517
0.475672 0.622716
0.451648 0.693049
0.398315 0.538816
0.403278 0.633413
0.412881 0.703982
0.436961 0.47662
next pose
0.427285 0.344048
0.432117 0.414296
0.485586 0.414309
0.548514 0.36023
1 0
0.364241 0.416988
0.310878 0.363008
0.286709 0.306126
0.480686 0.541471
0.475615 0.625388
0.45158 0.695702
0.39818 0.538787
0.403297 0.63345
0.422468 0.703949
0.436888 0.479208
next pose
0.42732 0.344036
0.432145 0.411694
0.490246 0.411667
0.548514 0.357572
1 0
0.364218 0.414382
0.306127 0.362947
0.286766 0.306129
0.4807 0.538825
0.475595 0.628067
0.451497 0.698355
0.398275 0.536162
0.403321 0.633483
0.417588 0.704
0.436961 0.47657
next pose
0.427333 0.344006
0.432137 0.411668
0.485628 0.411678
0.548425 0.357572
1 0
0.364171 0.414335
0.311002 0.362996
0.286837 0.306169
0.480757 0.536099
0.47559 0.622672
0.45634 0.693062
0.398164 0.536109
0.403218 0.630812
0.41755 0.703869
0.436903 0.473852
next pose
0.427266 0.344034
0.432088 0.411693
0.485558 0.414305
0.548364 0.357564
1 0
0.364132 0.414366
0.310845 0.362978
0.286762 0.30873
0.480727 0.536114
0.470986 0.625381
0.451625 0.698337
0.398137 0.536142
0.403133 0.63085
0.422374 0.703964
0.43687 0.473897
next pose
0.431928 0.343965
0.432057 0.414304
0.485586 0.411646
0.548286 0.357532
1 0
0.364058 0.414326
0.310884 0.362975
0.2867 0.306156
0.480669 0.533392
0.471009 0.62268
0.456442 0.69569
0.393346 0.536091
0.403046 0.625364
0.417657 0.703918
0.436728 0.471205
next pose
0.431928 0.343965
0.432057 0.414304
0.485586 0.411646
0.548286 0.357532
1 0
0.364058 0.414326
0.310884 0.362975
0.2867 0.306156
0.480669 0.533392
0.471009 0.62268
0.456442 0.69569
0.393346 0.536091
0.403046 0.625364
0.417657 0.703918
0.436728 0.471205
next pose
0.427251 0.34133
0.432012 0.41432
0.485602 0.411639
0.548342 0.35747
1 0
0.359554 0.414323
0.306125 0.362937
0.286625 0.306106
0.480626 0.533504
0.470905 0.630795
1 0
0.393275 0.53878
0.403037 0.630813
0.417542 0.703948
0.432166 0.473846
next pose
0.427273 0.343967
0.432018 0.411672
0.485491 0.414284
0.543653 0.357545
1 0
0.359592 0.414316
0.306147 0.362982
0.286681 0.306128
0.48066 0.538801
0.470824 0.636113
0.446853 0.701055
0.393237 0.538849
0.403111 0.633494
0.417576 0.703982
0.432151 0.476527
next pose
0.431931 0.34135
0.431915 0.411653
0.485381 0.414333
0.548284 0.357504
1 0
0.359536 0.414328
0.306106 0.362923
0.286667 0.3061
0.480543 0.541507
0.470847 0.633563
1 0
0.388579 0.544197
0.403088 0.636088
0.417532 0.706525
0.432071 0.479215
next pose
0.431931 0.34135
0.431915 0.411653
0.485381 0.414333
0.548284 0.357504
1 0
0.359536 0.414328
0.306106 0.362923
0.286667 0.3061
0.480543 0.541507
0.470847 0.633563
1 0
0.388579 0.544197
0.403088 0.636088
0.417532 0.706525
0.432071 0.479215
next pose
0.431949 0.341344
0.427349 0.414283
0.485421 0.414318
0.54828 0.357481
1 0
0.35951 0.414315
0.306079 0.362927
0.286643 0.306089
0.480406 0.541532
0.475519 0.630792
0.456463 0.698423
0.38858 0.544196
0.403063 0.630793
0.412797 0.706513
0.432061 0.47923
next pose
0.431958 0.341319
0.427322 0.411665
0.485433 0.414291
0.54364 0.354912
1 0
0.359465 0.414281
0.301296 0.360328
0.286651 0.306106
0.480547 0.546848
0.470881 0.633453
0.451481 0.698375
0.39337 0.546906
0.403012 0.636086
0.417525 0.703999
0.432117 0.479279
next pose
0.427212 0.341315
0.427305 0.414295
0.485457 0.411634
0.548289 0.35745
1 0
0.359467 0.41433
0.301222 0.360323
0.286632 0.30342
0.480467 0.546878
0.47092 0.630776
0.456325 0.698474
0.393223 0.546888
0.403045 0.633449
0.412772 0.704003
0.432067 0.479289
next pose
0.427232 0.341323
0.427201 0.411663
0.480882 0.414308
0.543643 0.35744
1 0
0.359448 0.414296
0.296536 0.360315
0.286561 0.303461
0.475857 0.544245
0.470974 0.628075
0.456326 0.695722
0.393171 0.54422
0.403014 0.633431
0.41271 0.703982
0.43196 0.479268
next pose
0.427179 0.341323
0.427217 0.414303
0.480851 0.414363
0.538851 0.357469
1 0
0.359453 0.414287
0.29649 0.360307
0.286488 0.306104
0.475974 0.546901
0.470951 0.630757
0.451626 0.698349
0.393206 0.546868
0.40304 0.633497
0.412737 0.703988
0.431991 0.481882
next pose
0.427247 0.341309
0.427265 0.414303
0.480858 0.41436
0.53885 0.357493
1 0
0.35947 0.414355
0.296411 0.360293
0.286508 0.306099
0.480444 0.546852
0.470891 0.628093
0.45149 0.698349
0.393395 0.546876
0.40301 0.633437
0.412803 0.703952
0.432066 0.481895
next pose
0.427157 0.341331
0.427217 0.411678
0.480847 0.414331
0.543545 0.354897
1 0
0.359437 0.414295
0.296412 0.360303
0.286481 0.306058
0.480394 0.54155
0.475515 0.625393
0.456299 0.698398
0.393309 0.54156
0.403012 0.633423
0.412705 0.706553
0.432018 0.479241
next pose
0.42716 0.341295
0.422492 0.414329
0.480888 0.411637
0.543525 0.354844
1 0
0.359385 0.41431
0.296406 0.362909
0.281998 0.306103
0.475931 0.541543
0.475496 0.625396
0.451638 0.698406
0.393241 0.541557
0.402985 0.630818
0.412738 0.70399
0.431965 0.479215
next pose
0.422483 0.341306
0.427162 0.411648
0.480791 0.414348
0.538765 0.357482
1 0
0.359399 0.414289
0.296484 0.362942
0.281977 0.308762
0.475904 0.544247
0.475493 0.628116
0.456318 0.698367
0.3932 0.544265
0.403005 0.633518
0.408101 0.703968
0.431953 0.479282
next pose
0.422384 0.341317
0.427214 0.411627
0.480791 0.414322
0.538775 0.357504
1 0
0.359429 0.41434
0.296386 0.362932
0.281975 0.308767
0.475858 0.544178
0.4755 0.622694
0.465947 0.687641
0.388554 0.544221
0.402998 0.633447
0.408023 0.703943
0.431933 0.479288
next pose
0.42241 0.341308
0.427179 0.40892
0.480723 0.414338
0.538815 0.3576
1 0
0.359386 0.414334
0.291722 0.360337
0.281799 0.306163
0.47592 0.544209
0.470995 0.625417
0.461219 0.690351
0.388545 0.544257
0.402951 0.633471
0.412748 0.70397
0.427357 0.479282
next pose
0.422421 0.3413
0.427189 0.408961
0.480744 0.414357
0.538782 0.357616
1 0
0.3594 0.414337
0.291756 0.362921
0.281797 0.308728
0.480389 0.546881
0.470964 0.628066
0.456416 0.693038
0.388515 0.546916
0.402923 0.633515
0.412683 0.703994
0.431941 0.481901
next pose
0.422362 0.341257
0.427178 0.408977
0.480733 0.414303
0.538739 0.357627
1 0
0.359354 0.414333
0.291742 0.362956
0.281696 0.308804
0.480392 0.544263
0.470928 0.628055
0.451617 0.698377
0.388522 0.546863
0.402988 0.633483
0.41272 0.70652
0.431934 0.479306
next pose
0.422329 0.341287
0.422487 0.411647
0.480718 0.414374
0.533931 0.357646
1 0
0.359295 0.41168
0.291667 0.362973
0.281717 0.308801
0.47597 0.54423
0.47091 0.622655
0.456405 0.693021
0.388381 0.544261
0.402937 0.630812
0.4127 0.703923
0.427294 0.479268
next pose
0.417585 0.338697
0.422421 0.408919
0.4807 0.414288
0.538749 0.357626
1 0
0.359295 0.41434
0.291508 0.362951
0.281626 0.308847
0.480394 0.546918
0.470861 0.622701
0.451577 0.692999
0.383731 0.546965
0.40297 0.633495
0.412818 0.706538
0.427321 0.481894
next pose
0.412839 0.341251
0.417654 0.408931
0.480674 0.411638
0.538715 0.360219
1 0
0.359261 0.414341
0.28693 0.362953
0.281621 0.308763
0.475958 0.546953
0.470774 0.630833
0.451451 0.698404
0.383712 0.549503
0.402928 0.63353
0.412833 0.706604
0.427257 0.481891
next pose
0.412778 0.338693
0.422345 0.408906
0.480622 0.41169
0.538819 0.357634
1 0
0.359301 0.414345
0.286889 0.363019
0.281568 0.311407
0.475919 0.549553
0.470819 0.633476
0.4564 0.698395
0.378801 0.549549
0.402966 0.63349
0.412722 0.704008
0.42723 0.481923
next pose
0.412787 0.33864
0.417593 0.411593
0.480637 0.414305
0.54837 0.357558
1 0
0.359158 0.414331
0.28677 0.365708
0.276933 0.311548
0.475934 0.546914
0.470912 0.630812
0.451666 0.698484
0.378754 0.546932
0.402842 0.633546
0.412734 0.706563
0.427172 0.479328
next pose
0.412723 0.338659
0.417597 0.406283
0.480733 0.411654
0.548507 0.360273
0.562974 0.314208
0.35913 0.414351
0.286644 0.365666
0.272227 0.311454
0.480394 0.549578
0.466128 0.63346
0.446708 0.698376
0.383612 0.549606
0.402947 0.633543
0.412711 0.706538
0.427249 0.48196
next pose
0.412739 0.338636
0.417536 0.408951
0.48075 0.411605
0.553078 0.360302
0.563224 0.311523
0.354531 0.41438
0.286641 0.365688
0.272068 0.311488
0.480489 0.549517
0.470755 0.625386
0.451573 0.698379
0.378896 0.549551
0.402867 0.633429
0.408108 0.703989
0.427268 0.481926
next pose
0.408075 0.338645
0.41281 0.408947
0.480676 0.411604
0.55317 0.360242
0.563193 0.311548
0.354558 0.41434
0.286623 0.365694
0.262552 0.311599
0.475977 0.549576
0.466119 0.630833
0.451535 0.701033
0.378903 0.549635
0.402961 0.633495
0.412815 0.703981
0.427233 0.481955
next pose
0.412798 0.33861
0.41274 0.408899
0.480682 0.408963
0.553136 0.360265
0.567864 0.308838
0.354451 0.411678
0.286578 0.36567
0.262514 0.311553
0.475954 0.546951
0.466105 0.625399
0.461194 0.69576
0.374022 0.549548
0.402961 0.628125
0.412694 0.703995
0.422472 0.479303
next pose
0.408064 0.338592
0.412771 0.408937
0.480666 0.411615
0.553119 0.360218
0.563187 0.311467
0.354538 0.414311
0.286531 0.365693
0.262421 0.311535
0.475959 0.549575
0.46129 0.630779
0.451635 0.698407
0.378778 0.549623
0.402902 0.636067
0.412682 0.706529
0.427176 0.481954
next pose
0.412766 0.338599
0.412696 0.408913
0.480633 0.41163
0.553133 0.357636
0.567889 0.306147
0.354463 0.411672
0.28665 0.365674
0.262539 0.311594
0.475899 0.549534
0.465954 0.633426
0.451579 0.701026
0.373991 0.549578
0.398426 0.633424
0.408093 0.703988
0.422459 0.481895
next pose
0.412667 0.338647
0.408094 0.406306
0.48058 0.411607
0.553151 0.357617
0.563131 0.308858
0.354436 0.41169
0.286628 0.365668
0.262568 0.311555
0.475774 0.549529
0.470759 0.625369
0.45648 0.701045
0.374076 0.549565
0.402965 0.633408
0.412886 0.704007
0.422345 0.481905
next pose
0.412745 0.338611
0.412697 0.406275
0.480739 0.408936
0.553145 0.357576
0.563057 0.311438
0.35438 0.414296
0.286601 0.365654
0.262446 0.311486
0.480398 0.544227
0.466055 0.62537
0.456474 0.698416
0.378803 0.546894
0.398431 0.63343
0.412829 0.703945
0.422516 0.479242
next pose
0.412717 0.338599
0.412671 0.406279
0.480603 0.411631
0.553049 0.357601
0.563188 0.308792
0.354429 0.411676
0.286674 0.36568
0.262386 0.311482
0.475808 0.549559
0.466022 0.628079
1 0
0.369275 0.549602
0.402939 0.633456
0.412767 0.706553
0.417678 0.481916
next pose
0.412817 0.338631
0.408064 0.406312
0.480537 0.411642
0.548526 0.360229
0.567799 0.30881
0.354382 0.414301
0.286724 0.365621
0.257708 0.31144
0.475729 0.546954
0.470742 0.62809
0.451505 0.698358
0.373976 0.549527
0.402969 0.636095
0.412864 0.706529
0.417598 0.481905
next pose
0.408068 0.338614
0.408078 0.408897
0.480571 0.40896
0.548448 0.360216
0.563202 0.311502
0.354392 0.414358
0.286567 0.362931
0.262573 0.308858
0.47589 0.546889
0.466111 0.628078
0.456378 0.701054
0.383609 0.546933
0.402853 0.63352
0.408076 0.70398
0.422432 0.479318
next pose
0.412703 0.33864
0.412709 0.406279
0.480578 0.408951
0.548435 0.357608
0.563126 0.308847
0.354469 0.414345
0.286561 0.36294
0.267389 0.311409
0.475922 0.546903
0.465971 0.625388
0.456411 0.698412
0.383667 0.54951
0.402918 0.630819
0.412771 0.703973
0.422514 0.48189
next pose
0.412702 0.338656
0.408083 0.406218
0.480542 0.411611
0.54834 0.35761
1 0
0.354401 0.414345
0.286632 0.362937
0.267274 0.311399
0.475892 0.544233
0.466128 0.620059
0.461217 0.695754
0.378827 0.546866
0.402904 0.630746
0.408102 0.706539
0.422372 0.479299
next pose
0.412857 0.338633
0.408094 0.406277
0.480553 0.408989
0.548316 0.357598
1 0
0.354432 0.414377
0.286646 0.362938
0.267305 0.308852
0.475875 0.546899
0.470747 0.62275
0.451458 0.695755
0.378848 0.546949
0.40286 0.630822
0.408013 0.703923
0.422381 0.481889
next pose
0.412739 0.338656
0.408076 0.403612
0.480537 0.408973
0.548335 0.357646
0.563091 0.31422
0.354431 0.414292
0.286659 0.362943
0.267354 0.308878
0.475936 0.546878
0.466028 0.628138
0.456371 0.701038
0.378836 0.54692
0.402853 0.633544
0.412746 0.706636
0.4224 0.479298
next pose
0.408054 0.338679
0.412769 0.406236
0.480582 0.411617
0.543679 0.357605
1 0
0.354475 0.414393
0.286614 0.362918
0.267415 0.311395
0.475876 0.546942
0.466092 0.628118
0.451549 0.701073
0.37874 0.549516
0.402885 0.633421
0.412689 0.706517
0.422409 0.481924
next pose
0.41268 0.338664
0.408095 0.403588
0.480603 0.408936
0.543667 0.35752
1 0
0.354406 0.414353
0.286671 0.362934
0.267357 0.308836
0.475821 0.544236
0.465976 0.630804
0.451503 0.701056
0.378862 0.544248
0.402983 0.633429
0.412857 0.706585
0.422382 0.479257
next pose
0.412686 0.338667
0.40806 0.403626
0.480511 0.411628
0.538822 0.360227
1 0
0.354386 0.414317
0.286524 0.360328
0.267218 0.308817
0.475839 0.546926
0.461274 0.633534
0.451578 0.701138
0.378739 0.546946
0.402928 0.636108
0.412843 0.706545
0.417676 0.479326
next pose
0.412698 0.338667
0.408016 0.403577
0.480489 0.411628
0.543537 0.357632
0.558395 0.3143
0.354362 0.414299
0.286547 0.360324
0.267377 0.308777
0.475786 0.549552
0.465964 0.633449
0.451463 0.701051
0.373968 0.549606
0.402978 0.636113
0.412816 0.706619
0.417582 0.481942
next pose
0.412691 0.338691
0.408058 0.40362
0.480457 0.41164
0.538824 0.357596
1 0
0.354448 0.41434
0.286572 0.360326
0.267264 0.308853
0.475838 0.549548
0.461231 0.630827
0.451643 0.701109
0.374069 0.549577
0.402967 0.633477
0.412688 0.706551
0.422349 0.481939
next pose
0.412655 0.341259
0.408059 0.403577
0.480518 0.411611
0.53881 0.357613
1 0
0.354415 0.414289
0.286591 0.362899
0.267259 0.308754
0.475823 0.544206
0.461299 0.628064
0.456314 0.701093
0.378819 0.54426
0.40291 0.630743
0.412689 0.703983
0.417684 0.479246
next pose
0.412685 0.3387
0.408057 0.403631
0.480527 0.41164
0.54352 0.357542
1 0
0.354423 0.414317
0.286589 0.362928
0.262557 0.308775
0.475809 0.546857
0.461263 0.630741
0.451596 0.701143
0.378846 0.546905
0.402953 0.633412
0.412814 0.706541
0.417663 0.479303
next pose
0.408004 0.338681
0.412659 0.403633
0.480544 0.411627
0.543528 0.357522
1 0
0.354407 0.41435
0.28651 0.360326
0.267227 0.308738
0.475829 0.54425
0.461253 0.628088
0.456331 0.701045
0.378839 0.546875
0.402883 0.630773
0.412732 0.703959
0.422365 0.479299
next pose
0.408003 0.338687
0.408026 0.406255
0.480472 0.411687
0.54352 0.357566
1 0
0.35436 0.414329
0.286529 0.360346
0.262578 0.308752
0.47578 0.54695
0.461285 0.633448
0.451514 0.701139
0.374027 0.549529
0.402938 0.636127
0.412796 0.703955
0.417625 0.481915
next pose
0.412745 0.341329
0.408023 0.414362
0.480458 0.417114
0.543489 0.357479
1 0
0.354357 0.417008
0.286507 0.368335
0.267356 0.311418
0.475789 0.549682
0.466075 0.636269
0.461302 0.703806
0.378723 0.552294
0.39834 0.641627
0.417549 0.703864
0.417653 0.48466
next pose
0.407926 0.349384
0.407961 0.41969
0.480435 0.419766
0.533896 0.357528
1 0
0.349697 0.417039
0.282036 0.373683
0.276816 0.311529
0.475875 0.552336
0.461303 0.644351
0.466076 0.706574
0.373978 0.552426
0.39827 0.647005
0.417551 0.703896
0.417615 0.484811
next pose
0.412747 0.35481
0.408078 0.419844
0.48052 0.422434
0.53385 0.357585
1 0
0.349668 0.419768
0.286606 0.376382
0.281792 0.314184
0.475765 0.552365
0.461281 0.652391
0.451545 0.70114
0.364491 0.552397
0.398311 0.649686
0.407949 0.706577
0.412808 0.487356
next pose
0.403343 0.360192
0.407815 0.422461
0.475854 0.427865
0.514687 0.362972
1 0
0.349816 0.422526
0.291584 0.376427
0.315868 0.314241
0.475759 0.552412
0.470822 0.649746
0.451538 0.701109
0.369059 0.552465
0.398334 0.649772
0.408035 0.703956
0.412802 0.490062
next pose
0.407986 0.354711
0.407942 0.419833
0.475595 0.425146
0.509535 0.365638
1 0
0.354658 0.419719
0.310838 0.373693
0.320816 0.31157
0.475564 0.549726
1 0
1 0
0.364323 0.552271
0.398326 0.633498
0.4033 0.703889
0.407984 0.484817
next pose
0.40796 0.344019
0.407852 0.411656
0.470808 0.416974
0.499996 0.365693
1 0
0.359352 0.408971
0.325431 0.360334
0.325718 0.298055
0.475698 0.544227
0.475528 0.628115
0.470725 0.684996
0.364486 0.544235
0.398269 0.633537
0.40804 0.703998
0.412695 0.479289
next pose
0.40309 0.333147
0.407976 0.398031
0.475663 0.381853
1 0
1 0
0.359396 0.384572
0.349681 0.343998
0.330473 0.289938
0.475653 0.514512
0.475535 0.614538
0.456427 0.682196
0.369209 0.517202
0.398355 0.622672
0.408009 0.703823
0.412849 0.452185
next pose
0.39827 0.311617
0.417652 0.379077
0.466013 0.371054
1 0
1 0
0.374042 0.371058
0.359389 0.333073
0.335266 0.270924
0.475508 0.50365
0.470795 0.611801
0.470971 0.679489
0.373949 0.503608
0.398042 0.611837
0.393404 0.701186
0.417599 0.438709
next pose
0.403019 0.306148
0.412729 0.373766
0.4466 0.37919
1 0
1 0
0.38365 0.371079
0.359341 0.327771
0.335215 0.268333
0.461182 0.498239
0.470798 0.59561
0.475494 0.674124
0.374063 0.495537
0.39797 0.595781
0.39822 0.693012
0.412725 0.438682
next pose
0.398099 0.29539
0.417636 0.36295
1 0
1 0
1 0
0.470831 0.373758
0.378832 0.314269
0.354476 0.268143
0.393296 0.487354
0.393346 0.592861
0.378904 0.679526
0.470892 0.48741
0.470887 0.590238
0.475622 0.666048
0.422469 0.427835
next pose
0.402875 0.292638
0.412784 0.360256
0.437083 0.373754
1 0
1 0
1 0
1 0
1 0
0.441946 0.487311
0.441785 0.590226
1 0
0.403159 0.484744
1 0
1 0
0.422482 0.425145
next pose
0.398288 0.292566
0.408084 0.357634
0.456396 0.368401
1 0
1 0
0.373914 0.357617
0.359316 0.316949
0.340052 0.260114
0.470982 0.481901
0.466112 0.582144
0.465932 0.663328
0.38363 0.482001
0.397959 0.584763
0.374015 0.671394
0.42245 0.422351
next pose
0.398326 0.297995
0.412878 0.371107
0.44674 0.376528
1 0
1 0
0.383721 0.368338
0.354508 0.327725
0.344887 0.268152
0.470893 0.490144
0.456299 0.592803
0.446853 0.671339
0.388559 0.490105
0.398039 0.592947
0.388559 0.67937
0.422431 0.435953
next pose
0.398326 0.297995
0.412878 0.371107
0.44674 0.376528
1 0
1 0
0.383721 0.368338
0.354508 0.327725
0.344887 0.268152
0.470893 0.490144
0.456299 0.592803
0.446853 0.671339
0.388559 0.490105
0.398039 0.592947
0.388559 0.67937
0.422431 0.435953
next pose
0.412745 0.303464
0.412859 0.379158
0.45632 0.384568
1 0
1 0
0.374033 0.376439
0.330369 0.33052
0.359216 0.279088
0.461275 0.503673
0.442017 0.611753
0.436819 0.687598
0.373984 0.503604
0.402903 0.611913
0.407822 0.69303
0.417593 0.441471
next pose
0.412714 0.311576
0.417607 0.384605
1 0
1 0
1 0
0.374024 0.381844
0.320733 0.335829
0.364119 0.289927
0.466041 0.506271
0.441939 0.622672
0.427158 0.701152
0.369126 0.500913
0.402993 0.620059
0.422514 0.701155
0.422414 0.441518
next pose
0.403272 0.349444
0.417614 0.419737
1 0
1 0
1 0
0.369246 0.411675
0.320789 0.36297
0.325342 0.308756
0.475518 0.536102
0.446691 0.63628
0.432063 0.70384
0.393201 0.541471
0.393227 0.64161
0.402925 0.701164
0.427263 0.479331
next pose
0.403272 0.349444
0.417614 0.419737
1 0
1 0
1 0
0.369246 0.411675
0.320789 0.36297
0.325342 0.308756
0.475518 0.536102
0.446691 0.63628
0.432063 0.70384
0.393201 0.541471
0.393227 0.64161
0.402925 0.701164
0.427263 0.479331
next pose
0.408036 0.357569
0.407886 0.422508
0.475759 0.422596
0.529055 0.371058
1 0
0.35918 0.422455
0.320421 0.37379
0.291672 0.31151
0.470808 0.549633
0.446789 0.644387
0.436769 0.706529
0.373928 0.549649
0.36444 0.655122
1 0
0.40805 0.484799
next pose
0.398072 0.357672
0.412793 0.430567
0.480405 0.411673
0.558065 0.371103
1 0
0.354468 0.42516
0.286856 0.379263
0.218794 0.335886
0.475497 0.549567
1 0
1 0
0.369047 0.549613
0.354516 0.657791
1 0
0.412746 0.484724
next pose
0.398357 0.357555
0.408028 0.430575
0.480643 0.416976
0.582435 0.37655
1 0
0.349704 0.42526
0.272191 0.392728
0.184861 0.354904
0.470865 0.530737
0.475536 0.61727
0.436787 0.698407
0.364483 0.530807
0.344859 0.644306
1 0
0.408003 0.481944
next pose
0.393247 0.34668
0.40303 0.419871
0.480619 0.422571
0.567827 0.425215
1 0
0.33051 0.425264
0.238245 0.406265
0.136478 0.398036
0.470993 0.549704
0.446743 0.636293
0.437047 0.701
0.369138 0.549684
0.320695 0.630785
1 0
0.408014 0.487372
next pose
0.393357 0.335915
0.398284 0.41706
0.475778 0.422382
0.562963 0.435969
0.640695 0.454937
0.325522 0.422396
0.223699 0.408942
0.121866 0.403485
0.470892 0.544167
0.446733 0.63348
0.437073 0.70111
0.369286 0.544231
0.320502 0.620074
0.402899 0.655119
0.403285 0.484598
next pose
0.388531 0.333127
0.398344 0.403639
0.475819 0.411659
0.558086 0.436025
0.621143 0.460395
0.325703 0.419701
0.223745 0.403551
0.11702 0.400921
0.470865 0.530672
0.442032 0.633519
0.437133 0.701261
0.373985 0.533394
0.32531 0.617267
0.403223 0.666006
0.407827 0.473838
next pose
0.383611 0.325025
0.398233 0.400767
0.48046 0.403575
0.558293 0.425245
0.621134 0.457604
0.320662 0.408954
0.213914 0.3981
0.112104 0.384595
0.475491 0.530618
0.446618 0.630732
0.436969 0.698351
0.373947 0.530678
0.330235 0.617395
0.402966 0.68492
0.403283 0.465842
next pose
0.369205 0.322379
0.398044 0.398224
0.4757 0.400849
0.582326 0.395362
1 0
0.320659 0.400966
0.214133 0.376393
0.136371 0.333109
0.470872 0.527986
0.470982 0.633501
1 0
0.369118 0.530715
0.364308 0.636076
0.398337 0.701173
0.403014 0.465683
next pose
0.378723 0.33588
0.398161 0.411678
0.475896 0.40078
0.582477 0.371086
1 0
0.315836 0.408912
0.242943 0.3603
0.2188 0.306113
0.446875 0.528081
0.519282 0.630816
0.470795 0.67936
0.359503 0.536069
0.374096 0.63615
0.403001 0.709256
0.398314 0.465868
next pose
0.397974 0.338591
0.398111 0.417055
0.470972 0.411655
0.553261 0.360277
1 0
0.320619 0.414363
0.252925 0.357497
0.277099 0.298048
0.446681 0.530684
0.538781 0.628135
0.47579 0.676792
0.359449 0.533376
0.37392 0.574112
0.403228 0.7066
0.398302 0.471195
next pose
0.39841 0.34127
0.40287 0.416987
0.466146 0.414352
0.519399 0.362949
1 0
0.33031 0.416966
0.282035 0.360289
0.320384 0.308882
0.441948 0.530808
0.553531 0.630812
0.48558 0.684912
0.354453 0.530742
0.364261 0.579436
0.398399 0.701079
0.39836 0.473861
next pose
0.436734 0.343979
0.407801 0.41698
0.470997 0.408954
0.553139 0.362975
1 0
0.349641 0.411605
0.310818 0.3548
0.359243 0.292539
0.446755 0.536154
0.567861 0.620062
0.519168 0.703752
0.34484 0.544211
0.378809 0.644301
0.403082 0.717343
0.402872 0.476551
next pose
0.437001 0.338634
0.4128 0.408895
0.475745 0.403532
0.553467 0.360266
1 0
0.354667 0.408931
0.320395 0.341269
0.335252 0.287078
0.470983 0.530807
0.572626 0.617349
0.514443 0.703749
0.364251 0.538825
0.393175 0.641706
0.403076 0.722692
0.412818 0.471184
next pose
0.441716 0.3331
0.417652 0.400915
0.475867 0.398193
1 0
1 0
0.359412 0.400743
0.31571 0.335911
0.320614 0.27365
0.470936 0.525319
0.563043 0.614669
0.504881 0.701083
0.364242 0.528075
0.393357 0.636297
0.403012 0.722782
0.412856 0.463168
next pose
0.432014 0.319696
0.427235 0.392755
0.485416 0.379144
0.519294 0.357556
1 0
0.35947 0.387329
0.29638 0.333117
0.281723 0.268304
0.470863 0.509109
0.553222 0.614492
0.490427 0.701153
0.364153 0.511789
0.393261 0.625362
0.402898 0.71193
0.42235 0.446839
next pose
0.412819 0.314291
0.436767 0.381897
0.495221 0.376453
0.558293 0.35743
1 0
0.364172 0.381974
0.291697 0.338633
0.242917 0.289765
0.470797 0.50897
0.538841 0.614425
0.480821 0.701065
0.364074 0.50904
0.393308 0.617356
0.38372 0.703899
0.422394 0.4441
next pose
0.432079 0.311527
0.432183 0.379172
0.499909 0.376446
0.567911 0.357456
1 0
0.359563 0.379211
0.272097 0.346744
0.204385 0.303424
0.475591 0.506305
0.519624 0.611815
0.480634 0.693067
0.369041 0.506305
0.378754 0.61734
0.364272 0.706574
0.427255 0.441467
next pose
0.432122 0.306107
0.436767 0.379127
0.504841 0.376572
0.577571 0.376437
1 0
0.359569 0.381857
0.248151 0.379085
0.170359 0.354831
0.480683 0.506264
0.504744 0.614433
0.480836 0.68492
0.388583 0.503647
0.364385 0.614486
0.325397 0.711945
0.436757 0.441447
next pose
0.436856 0.308856
0.436848 0.381861
0.50961 0.379128
0.56313 0.395397
1 0
0.359495 0.392707
0.252915 0.398207
0.17035 0.381909
0.480837 0.511767
0.490316 0.617231
0.4808 0.690331
0.393382 0.511716
0.359495 0.617273
0.29157 0.72278
0.436867 0.446867
next pose
0.436981 0.314143
0.441732 0.390047
0.51438 0.387299
0.558277 0.414356
1 0
0.369106 0.400752
0.267335 0.419861
0.170487 0.406233
0.490283 0.511757
0.485648 0.620005
0.480876 0.693022
0.398156 0.509126
0.354655 0.619972
0.281701 0.72012
0.441746 0.454949
next pose
0.44174 0.333155
0.446584 0.406212
0.519374 0.419751
0.577521 0.460285
1 0
0.378827 0.41971
0.291474 0.454978
0.194595 0.457595
0.509489 0.536074
0.499978 0.622695
0.480702 0.703811
0.403261 0.533412
0.340032 0.633481
0.242968 0.72541
0.446747 0.479273
next pose
0.442068 0.338563
0.44666 0.416974
0.519328 0.425221
0.587318 0.465757
0.635979 0.503685
0.383632 0.422579
0.286804 0.462896
0.199423 0.462989
0.499966 0.52802
0.51472 0.601061
0.480491 0.701087
0.402894 0.527947
0.344844 0.633538
0.242843 0.722904
0.442112 0.479275
next pose
0.446581 0.344034
0.446793 0.419788
0.519533 0.438726
0.59186 0.473839
0.640664 0.508946
0.374063 0.441377
0.277061 0.463047
0.194557 0.454889
0.504876 0.538842
0.514625 0.61998
0.47585 0.703843
0.403178 0.536116
0.354512 0.636204
0.247799 0.722773
0.446818 0.48737
next pose
0.441872 0.34396
0.442087 0.41988
0.52907 0.441274
0.606659 0.465811
0.674334 0.503663
0.364458 0.438641
0.272169 0.444233
0.180147 0.408961
0.514647 0.552338
0.504855 0.636179
0.475979 0.709234
0.408081 0.552337
0.36406 0.636124
0.286728 0.722648
0.456315 0.495513
next pose
0.441634 0.338583
0.441857 0.419667
0.529106 0.438683
1 0
1 0
0.359493 0.43324
0.252928 0.43864
0.199394 0.392667
0.509611 0.560462
0.490212 0.639003
0.480725 0.711928
0.398397 0.555014
0.364046 0.638943
0.320578 0.717417
0.446649 0.498219
next pose
0.436978 0.335817
0.437106 0.414296
0.519533 0.433306
1 0
1 0
0.359253 0.425206
0.25274 0.4252
0.209071 0.376495
0.5048 0.555138
0.495159 0.636183
0.485379 0.703889
0.398168 0.552381
0.369266 0.633477
0.354434 0.706591
0.441734 0.490205
next pose
0.432039 0.333106
0.436823 0.40362
0.519506 0.422452
0.621197 0.422364
0.713268 0.403554
0.354523 0.422438
0.24808 0.419859
0.218926 0.362978
0.499959 0.549627
0.495074 0.614605
0.480857 0.698468
0.398063 0.549634
0.398044 0.611853
0.378758 0.698496
0.437147 0.484713
next pose
0.403247 0.322382
0.436778 0.398198
0.519535 0.403512
0.596878 0.376546
0.466136 0.362969
0.354411 0.419648
0.247839 0.422423
0.248041 0.368317
0.504755 0.538777
0.504815 0.584834
0.490406 0.679532
0.398254 0.546964
0.403225 0.630825
0.407848 0.701176
0.441698 0.476616
next pose
0.403168 0.319698
0.432037 0.398152
0.514447 0.400795
0.59698 0.38734
1 0
0.34488 0.416965
0.24782 0.430596
0.248076 0.379311
0.485459 0.533476
0.509734 0.614651
0.50489 0.698369
0.393265 0.541495
0.403296 0.62541
0.422398 0.703867
0.436792 0.471172
next pose
0.402944 0.319624
0.431951 0.398138
0.514391 0.403569
0.59206 0.39538
0.56795 0.354708
0.339997 0.417079
0.24798 0.444052
0.243028 0.397989
0.480667 0.530601
0.514726 0.617308
0.514455 0.703835
0.383559 0.530684
0.412658 0.620008
0.436883 0.703925
0.431953 0.468452
next pose
0.398321 0.322317
0.431934 0.400746
0.50969 0.400783
0.587253 0.398104
1 0
0.335193 0.41711
0.267233 0.462909
0.214099 0.417082
0.480504 0.528088
0.524396 0.614461
0.519447 0.693024
0.364459 0.530619
0.403311 0.617325
0.436899 0.703871
0.422516 0.465889
next pose
0.398153 0.327756
0.422356 0.400915
0.495132 0.395443
0.577526 0.411645
1 0
0.339953 0.419876
0.282031 0.465757
0.218771 0.441456
0.485424 0.528087
0.534027 0.614614
0.524338 0.684886
0.373895 0.530751
0.403278 0.620011
0.432178 0.703861
0.427234 0.468461
next pose
0.38839 0.335811
0.403102 0.417044
0.485579 0.422414
0.57746 0.441441
0.543627 0.398133
0.325527 0.441379
0.310828 0.487459
1 0
0.485402 0.5307
0.553386 0.614572
0.572676 0.701153
0.378829 0.533447
0.398189 0.609154
0.436777 0.703792
0.417596 0.484657
next pose
0.383606 0.335981
0.398297 0.419811
0.475858 0.435993
0.563039 0.463062
0.558255 0.414348
0.325558 0.441538
0.306082 0.49557
0.252856 0.509177
0.480546 0.538781
0.558156 0.617387
0.587124 0.70654
0.378813 0.546866
0.398145 0.622701
0.432207 0.703987
0.408028 0.487479
next pose
0.388494 0.34128
0.398255 0.422394
0.475816 0.438649
0.553113 0.465875
0.582468 0.427878
0.325497 0.444167
0.306121 0.509082
0.233434 0.546856
0.480434 0.54687
0.558436 0.617415
0.572767 0.706519
0.374027 0.549722
0.398206 0.636309
0.432163 0.706538
0.408054 0.495484
next pose
0.388383 0.341309
0.398298 0.422352
0.475914 0.438693
0.529089 0.479232
0.592032 0.460408
0.325497 0.444126
0.315625 0.509122
0.243192 0.544186
0.480434 0.549567
0.56314 0.617229
0.553511 0.69033
0.378815 0.555074
0.398323 0.638877
0.432156 0.706663
0.412727 0.498248
next pose
0.378801 0.335869
0.398162 0.419659
0.475661 0.427868
0.548517 0.465639
0.655114 0.465805
0.325379 0.438695
0.315849 0.500887
1 0
0.475612 0.546946
0.553511 0.611843
0.514661 0.679404
0.383707 0.552334
0.398184 0.633512
0.427356 0.704001
0.407943 0.490086
next pose
0.378754 0.333054
0.398111 0.403644
0.475622 0.419834
0.548442 0.462966
0.635599 0.481947
0.325422 0.427905
0.315656 0.487309
1 0
0.470821 0.528101
0.548369 0.603793
0.485697 0.668692
0.383641 0.536094
0.398201 0.620052
0.412826 0.7038
0.403327 0.481994
next pose
0.374067 0.32234
0.398322 0.400813
0.475796 0.41962
0.558121 0.462896
0.640656 0.484784
0.325597 0.419651
0.310844 0.471155
0.257559 0.468499
0.466122 0.522532
0.519397 0.603767
0.475658 0.668663
0.369249 0.527999
0.398004 0.619946
0.403131 0.701233
0.403284 0.46845
next pose
0.37878 0.314344
0.398282 0.397998
0.475716 0.408972
0.548507 0.45767
0.625897 0.481977
0.325698 0.416979
0.301316 0.465912
0.223737 0.452266
0.470945 0.514493
0.480809 0.609144
0.451638 0.676784
0.378892 0.522534
0.388445 0.603761
0.398218 0.695733
0.40781 0.463157
next pose
0.378775 0.314299
0.398386 0.395352
0.475777 0.403628
0.538686 0.4603
0.601867 0.484634
0.330309 0.416949
0.310814 0.468452
0.243206 0.444165
0.466046 0.519864
0.475539 0.614457
0.4368 0.67956
0.369204 0.519904
0.36454 0.609106
0.378833 0.684997
0.403311 0.463153
next pose
0.383562 0.317056
0.403249 0.398045
0.475787 0.416966
0.514356 0.465847
1 0
0.359137 0.411603
0.330418 0.468478
0.286571 0.452182
0.446717 0.517172
0.441625 0.61183
0.412753 0.679589
0.364494 0.514484
0.330383 0.609142
0.359315 0.679486
0.407874 0.463153
next pose
0.388566 0.330523
0.403304 0.400902
0.470946 0.419713
0.50487 0.468456
1 0
0.359527 0.414348
0.349721 0.463131
0.310841 0.462962
0.45147 0.514458
0.436836 0.614592
0.402972 0.693059
0.369258 0.511719
0.320632 0.603736
0.354443 0.674083
0.408004 0.463124
next pose
0.393272 0.335878
0.407974 0.406287
0.47573 0.427849
0.509591 0.487465
0.524203 0.527895
0.35955 0.417046
1 0
1 0
0.44675 0.525305
0.432158 0.614609
0.398356 0.695728
0.364405 0.519823
0.301166 0.601102
0.340048 0.657805
0.407975 0.468457
next pose
0.398294 0.338696
0.408033 0.417045
0.480546 0.436042
0.514387 0.490181
0.519174 0.533477
0.359257 0.427839
0.359427 0.476576
1 0
0.442093 0.527973
0.436755 0.614629
0.402908 0.693065
0.364054 0.522611
0.282053 0.611774
0.33032 0.647032
0.407816 0.479288
next pose
0.407936 0.352159
0.41277 0.419869
0.480881 0.441457
0.519418 0.495566
0.499987 0.530604
0.3544 0.438633
0.320707 0.500941
0.282048 0.549584
0.437151 0.546918
0.432167 0.625354
0.40298 0.695678
0.359318 0.53616
0.286904 0.614429
1 0
0.403219 0.487479
next pose
0.403296 0.352012
0.412859 0.419886
0.485471 0.441428
0.524148 0.487546
0.480581 0.511722
0.354429 0.44139
0.315844 0.492867
0.276932 0.530741
0.441869 0.54153
0.436784 0.620013
0.402893 0.695721
0.359295 0.533491
0.281779 0.617273
1 0
0.403255 0.487479
next pose
0.403296 0.352012
0.412859 0.419886
0.485471 0.441428
0.524148 0.487546
0.480581 0.511722
0.354429 0.44139
0.315844 0.492867
0.276932 0.530741
0.441869 0.54153
0.436784 0.620013
0.402893 0.695721
0.359295 0.533491
0.281779 0.617273
1 0
0.403255 0.487479
next pose
0.403323 0.335992
0.412725 0.411659
0.490231 0.438637
0.548521 0.476562
1 0
0.349749 0.430572
0.291617 0.48195
0.238282 0.509014
0.436749 0.557723
0.432115 0.617211
0.402933 0.687603
0.330491 0.549727
1 0
1 0
0.398374 0.495492
next pose
0.402963 0.333134
0.407963 0.403479
0.480617 0.422591
0.562958 0.46032
0.548548 0.444047
0.3544 0.42244
0.306141 0.468427
0.276968 0.47924
0.441842 0.533398
0.436804 0.617254
0.403003 0.698378
0.354418 0.527945
0.281902 0.595539
1 0
0.40303 0.479334
next pose
0.398193 0.317035
0.407983 0.398103
0.485495 0.414391
0.567807 0.441338
0.596842 0.400816
0.349622 0.419802
0.28654 0.463176
0.213942 0.468486
0.465937 0.530783
0.441909 0.617266
0.417652 0.684965
0.364133 0.527955
0.286828 0.590192
0.286869 0.633491
0.412698 0.471171
next pose
0.393346 0.316964
0.40787 0.398143
0.485615 0.41965
0.56308 0.441453
0.59694 0.400718
0.344891 0.419884
0.281901 0.463149
0.223739 0.465739
0.451633 0.538793
1 0
1 0
0.359447 0.530802
0.320544 0.571206
0.276958 0.617276
0.407909 0.479311
next pose
0.393401 0.317056
0.408021 0.398203
0.495183 0.41985
0.55828 0.441425
0.596818 0.403484
0.349667 0.419847
0.282038 0.465749
0.204311 0.441422
0.466064 0.530752
0.446703 0.617281
0.437009 0.682216
0.364106 0.527984
0.301353 0.593012
0.243076 0.646994
0.412683 0.471243
next pose
0.393378 0.327736
0.40332 0.400829
0.485582 0.422438
0.558414 0.446882
0.596891 0.414404
0.34491 0.422497
0.286536 0.465767
0.209225 0.433244
0.470796 0.53082
0.461215 0.614555
0.441852 0.690338
0.364268 0.530631
0.315715 0.598387
0.228453 0.660547
0.41266 0.476631
next pose
0.393422 0.333111
0.403125 0.41159
0.480583 0.425215
0.558047 0.457623
0.601775 0.430571
0.349597 0.427843
0.281976 0.468494
0.223654 0.425207
0.470733 0.549588
0.461282 0.622663
0.441952 0.695725
0.364441 0.54692
0.310935 0.614484
0.213892 0.682103
0.408009 0.487284
next pose
0.398066 0.34127
0.402847 0.422376
0.4758 0.438689
0.509613 0.481967
1 0
0.335088 0.444155
0.281744 0.481926
0.252786 0.427947
0.470897 0.565848
1 0
1 0
0.364433 0.568614
0.320668 0.628066
0.24311 0.706626
0.407961 0.506312
next pose
0.398035 0.35207
0.403072 0.42239
0.475902 0.438739
0.519291 0.487438
1 0
0.344829 0.441295
0.286689 0.484781
0.248008 0.444087
0.475647 0.555125
0.461177 0.622657
0.44179 0.695706
0.369298 0.555068
0.325726 0.633494
0.267291 0.720107
0.412759 0.500884
next pose
0.393435 0.354727
0.403016 0.422623
0.480505 0.444047
0.524294 0.498277
1 0
0.339945 0.444127
0.301172 0.487487
0.243229 0.465766
0.475559 0.557786
0.461307 0.630758
0.441656 0.701017
0.373899 0.557777
0.354396 0.63624
0.281832 0.722701
0.408092 0.503693
next pose
0.37888 0.341375
0.398415 0.419869
0.475625 0.436025
0.514381 0.487455
0.504875 0.509112
0.335202 0.443985
0.296385 0.492876
0.24799 0.506257
0.46129 0.544176
0.456399 0.622694
0.44167 0.701224
0.373977 0.54427
0.359401 0.630753
0.310945 0.711972
0.407904 0.487544
next pose
0.374009 0.338664
0.398322 0.419606
0.475614 0.427893
0.500031 0.487447
0.514582 0.527908
0.330516 0.43862
0.286867 0.4873
0.214111 0.511761
0.461219 0.541468
0.446584 0.622744
0.441712 0.703941
0.369192 0.538784
0.359331 0.622665
0.32573 0.703943
0.403258 0.484761
next pose
0.383607 0.33585
0.393445 0.408964
0.465943 0.427846
0.480718 0.490102
0.504755 0.533452
0.320844 0.427847
0.281962 0.48735
0.243162 0.533398
0.441872 0.530832
0.441986 0.614574
0.441759 0.698466
0.35954 0.536118
0.359454 0.617359
0.359411 0.701025
0.398149 0.484617
next pose
0.374084 0.335924
0.393243 0.411688
0.45646 0.433297
0.475956 0.490098
0.504757 0.530823
0.320659 0.433262
0.296437 0.495506
0.252865 0.544207
0.437082 0.533392
0.441811 0.619991
0.441581 0.701143
0.359275 0.536122
0.359522 0.622661
0.364321 0.701217
0.397968 0.484704
next pose
0.369138 0.338704
0.373923 0.419682
0.441901 0.430636
0.480487 0.487311
0.480675 0.527875
0.310965 0.441353
0.310996 0.503693
0.286934 0.560438
0.437001 0.541485
0.441918 0.620068
0.441888 0.698494
0.359207 0.546904
0.359214 0.625393
0.364102 0.70125
0.38852 0.487424
next pose
0.36454 0.346696
0.369032 0.422493
0.441669 0.433327
0.475815 0.484713
0.480795 0.514427
0.306038 0.441458
0.301327 0.50624
0.310985 0.557797
0.436936 0.538835
0.44172 0.61724
0.441629 0.695742
0.35933 0.546835
0.354472 0.625366
0.364141 0.701191
0.383701 0.487447
next pose
0.364349 0.349355
0.364477 0.422444
0.437156 0.435985
0.475711 0.484624
0.480607 0.506451
0.301189 0.441372
0.291663 0.506371
0.320482 0.555094
0.436795 0.544223
0.441793 0.617393
0.441602 0.698425
0.349806 0.546948
0.354554 0.628101
0.364085 0.701237
0.378806 0.487522
next pose
0.364124 0.346692
0.364392 0.419837
0.43699 0.435951
0.475568 0.484614
0.480388 0.506339
0.301246 0.441255
0.286787 0.503681
0.320835 0.552282
0.432183 0.538866
0.441682 0.622687
0.437061 0.701014
0.349679 0.544208
0.354582 0.630734
0.364072 0.701198
0.373996 0.487406
next pose
0.359429 0.338639
0.359646 0.416997
0.436786 0.425259
0.470712 0.471205
0.466075 0.503595
0.291549 0.435925
0.286482 0.487471
0.325294 0.530717
0.417679 0.528083
0.436768 0.614466
0.42724 0.684957
0.330444 0.53067
0.35932 0.61721
0.364172 0.701101
0.364498 0.482028
next pose
0.359406 0.338593
0.359592 0.414305
0.432238 0.425209
0.466132 0.471136
0.466039 0.503581
0.291492 0.433259
0.286489 0.487479
0.320549 0.528057
0.422433 0.527952
0.436791 0.611894
0.427187 0.687622
0.335127 0.528041
0.359323 0.614574
0.364094 0.701036
0.364518 0.481894
next pose
0.359414 0.3386
0.359607 0.414362
0.432234 0.427867
0.466157 0.481976
0.451627 0.508989
0.291542 0.427901
0.281864 0.484816
0.306126 0.527855
0.412801 0.528048
0.43215 0.61449
0.422523 0.690376
0.335199 0.530675
0.359272 0.614635
0.364173 0.701088
0.364413 0.48197
next pose
0.359324 0.338618
0.359571 0.41695
0.43218 0.42791
0.470726 0.482028
0.456313 0.508968
0.291496 0.427917
0.281942 0.487332
0.291566 0.525196
0.412669 0.530604
0.43217 0.614582
0.417539 0.693033
0.335239 0.530757
0.359392 0.617216
0.364193 0.701179
0.364352 0.48201
next pose
0.359493 0.346656
0.364133 0.422385
0.432218 0.438647
0.470865 0.484728
0.475617 0.511758
0.296466 0.438693
0.281655 0.487338
0.272159 0.511799
0.412838 0.533453
0.427204 0.617406
0.398332 0.698383
0.335194 0.538767
0.354649 0.620007
0.364106 0.701199
0.364462 0.484814
next pose
0.359429 0.354743
0.36427 0.425125
0.43709 0.441493
0.480524 0.48741
0.500035 0.50632
0.296475 0.44407
0.272096 0.495506
0.248099 0.509059
0.4225 0.54961
0.422499 0.622749
0.397967 0.695737
0.335199 0.552308
0.359372 0.633396
0.359615 0.701244
0.369078 0.498201
next pose
0.359457 0.357461
0.364251 0.430578
0.437109 0.444225
0.495143 0.487362
0.436861 0.487408
0.301198 0.449481
0.26723 0.498186
0.238185 0.487571
0.412856 0.571159
0.412704 0.636196
0.393209 0.698496
0.330293 0.571324
0.359319 0.638806
0.35931 0.701247
0.369025 0.509027
next pose
0.359584 0.360329
0.364143 0.441259
0.442081 0.454988
0.51927 0.4766
0.558064 0.462997
0.282069 0.462965
0.233281 0.487411
0.199413 0.457621
0.417608 0.58206
0.422431 0.639022
0.388468 0.701097
0.325469 0.582105
0.359554 0.647018
0.364362 0.703823
0.364398 0.522564
next pose
0.364295 0.371008
0.364344 0.441484
0.461172 0.457626
1 0
1 0
0.281973 0.463039
0.204183 0.465688
0.199541 0.419669
0.427284 0.573975
0.431926 0.636268
0.393159 0.698477
0.33518 0.574072
0.364404 0.638885
0.369061 0.701052
0.369187 0.514497
next pose
0.364138 0.360272
0.369033 0.438638
0.446754 0.425259
1 0
1 0
0.296362 0.441481
0.209171 0.417102
0.23341 0.360245
0.436825 0.552366
0.42247 0.617235
0.393222 0.698429
0.344946 0.555098
0.364283 0.622707
0.364431 0.698459
0.378863 0.498212
next pose
0.378789 0.354712
0.373914 0.422433
0.442049 0.419762
0.509646 0.376406
1 0
0.30132 0.422409
0.218822 0.390021
0.247798 0.335873
0.436893 0.528021
0.422482 0.598413
0.398054 0.695719
0.335245 0.530775
0.364048 0.606429
0.364316 0.701057
0.378835 0.476566
next pose
0.39321 0.338546
0.369243 0.406266
0.441638 0.403616
0.480658 0.363003
1 0
0.311002 0.414314
0.248069 0.362935
0.276824 0.308789
0.437094 0.527889
0.408011 0.617269
0.3981 0.695735
0.325744 0.52803
0.364082 0.6146
0.359597 0.701026
0.378879 0.465734