0.466132 0.338547
0.456358 0.419714
0.538754 0.433266
0.553225 0.500965
0.557957 0.552369
0.373963 0.438659
0.364519 0.503555
0.364074 0.563173
0.500082 0.552258
0.495137 0.639025
0.485586 0.730907
0.412859 0.552393
0.427261 0.644363
0.436804 0.741757
0.45633 0.490154
next pose
0.470778 0.336013
0.456429 0.419615
0.538821 0.433318
0.553274 0.503552
0.55803 0.552467
0.373975 0.438647
0.364428 0.503549
0.364088 0.563162
0.504877 0.552263
0.495161 0.639037
0.485604 0.730921
0.417589 0.552402
0.427353 0.644336
0.436758 0.741709
0.456463 0.490171
next pose
0.470778 0.336013
0.456429 0.419615
0.538821 0.433318
0.553274 0.503552
0.55803 0.552467
0.373975 0.438647
0.364428 0.503549
0.364088 0.563162
0.504877 0.552263
0.495161 0.639037
0.485604 0.730921
0.417589 0.552402
0.427353 0.644336
0.436758 0.741709
0.456463 0.490171
next pose
0.470781 0.335994
0.456414 0.419631
0.538858 0.435929
0.553335 0.503537
0.558067 0.552347
0.373942 0.438665
0.364465 0.500947
0.364047 0.560421
0.50475 0.552352
0.49522 0.639056
0.485544 0.730985
0.412862 0.552436
0.427223 0.644365
0.432207 0.738979
0.456345 0.490221
next pose
0.470754 0.336036
0.456432 0.419753
0.543525 0.433327
0.553306 0.500908
0.558051 0.552386
0.374039 0.438623
0.364429 0.500963
0.364086 0.560477
0.504781 0.552271
0.495113 0.639021
0.490307 0.730938
0.417526 0.552404
0.427318 0.644366
0.436766 0.741708
0.456409 0.490152
next pose
0.470754 0.336036
0.456432 0.419753
0.543525 0.433327
0.553306 0.500908
0.558051 0.552386
0.374039 0.438623
0.364429 0.500963
0.364086 0.560477
0.504781 0.552271
0.495113 0.639021
0.490307 0.730938
0.417526 0.552404
0.427318 0.644366
0.436766 0.741708
0.456409 0.490152
next pose
0.470718 0.338548
0.456317 0.419697
0.538764 0.433322
0.553193 0.503567
0.557981 0.552453
0.373895 0.438645
0.364381 0.500912
0.359641 0.560492
0.504761 0.552235
0.495118 0.639031
0.480894 0.728283
0.412746 0.552371
0.427215 0.644349
0.432191 0.736317
0.456317 0.490149
next pose
0.470756 0.336044
0.456327 0.419639
0.538686 0.433289
0.553165 0.500919
0.558 0.552357
0.373905 0.438661
0.364393 0.500958
0.364063 0.563123
0.504782 0.552232
0.495116 0.63899
0.485665 0.730913
0.412845 0.552378
0.427311 0.644318
0.436763 0.741702
0.456342 0.49015
next pose
0.470756 0.336044
0.456327 0.419639
0.538686 0.433289
0.553165 0.500919
0.558 0.552357
0.373905 0.438661
0.364393 0.500958
0.364063 0.563123
0.504782 0.552232
0.495116 0.63899
0.485665 0.730913
0.412845 0.552378
0.427311 0.644318
0.436763 0.741702
0.456342 0.49015
next pose
0.470806 0.336028
0.456363 0.419699
0.538746 0.433319
0.553194 0.50095
0.558051 0.552349
0.374007 0.438594
0.364467 0.498264
0.359643 0.5578
0.500057 0.552232
0.495178 0.64158
0.485534 0.730961
0.412792 0.552362
0.427339 0.646995
0.436857 0.744299
0.456317 0.490119
next pose
0.466075 0.336039
0.456338 0.419709
0.538768 0.433271
0.553219 0.500957
0.558109 0.552473
0.37394 0.438645
0.364442 0.500936
0.364048 0.560489
0.504767 0.549746
0.495102 0.638998
0.490287 0.730945
0.412881 0.552364
0.427256 0.641731
0.43684 0.741645
0.456409 0.490124
next pose
0.466047 0.336037
0.45165 0.419647
0.533936 0.430627
0.553154 0.49826
0.558054 0.552436
0.373939 0.438623
0.364368 0.500879
0.359625 0.5605
0.504858 0.54969
0.490423 0.63898
0.48556 0.730913
0.412835 0.552313
0.422519 0.641692
0.436742 0.736337
0.456402 0.490073
next pose
0.465977 0.338546
0.456288 0.419725
0.538858 0.435951
0.553183 0.500949
0.558054 0.554992
0.369278 0.438685
0.364417 0.500945
0.359642 0.563133
0.504846 0.549738
0.495125 0.639007
0.48552 0.730898
0.412842 0.552348
0.431928 0.641734
0.43682 0.741739
0.456366 0.490141
next pose
0.465977 0.338546
0.456288 0.419725
0.538858 0.435951
0.553183 0.500949
0.558054 0.554992
0.369278 0.438685
0.364417 0.500945
0.359642 0.563133
0.504846 0.549738
0.495125 0.639007
0.48552 0.730898
0.412842 0.552348
0.431928 0.641734
0.43682 0.741739
0.456366 0.490141
next pose
0.466076 0.336023
0.456364 0.419617
0.538787 0.433281
0.553216 0.500968
0.558078 0.552466
0.373923 0.438612
0.36446 0.500959
0.364055 0.563106
0.504879 0.552315
0.4904 0.639057
0.485502 0.730899
0.41757 0.552416
0.422452 0.644334
0.436749 0.739043
0.456458 0.490169
next pose
0.466012 0.336012
0.4564 0.419616
0.538824 0.433292
0.55321 0.500919
0.557973 0.552442
0.373953 0.438623
0.364386 0.500892
0.359651 0.563147
0.504879 0.552258
0.490414 0.639043
0.485411 0.728296
0.412855 0.552389
0.42726 0.644362
0.436721 0.741709
0.456443 0.49016
next pose
0.466012 0.336012
0.4564 0.419616
0.538824 0.433292
0.55321 0.500919
0.557973 0.552442
0.373953 0.438623
0.364386 0.500892
0.359651 0.563147
0.504879 0.552258
0.490414 0.639043
0.485411 0.728296
0.412855 0.552389
0.42726 0.644362
0.436721 0.741709
0.456443 0.49016
next pose
0.466023 0.335988
0.456344 0.419623
0.538734 0.433306
0.553215 0.503588
0.558053 0.552493
0.373918 0.438646
0.364402 0.503571
0.364068 0.565811
0.504899 0.552354
0.495163 0.63905
0.49028 0.730924
0.417671 0.552468
0.427346 0.64701
0.436745 0.741689
0.456451 0.492777
next pose
0.46128 0.335987
0.451647 0.419612
0.538703 0.433282
0.553144 0.500942
0.558051 0.552471
0.369306 0.438698
0.364395 0.503582
0.359645 0.565872
0.509518 0.552345
0.495127 0.639073
0.485391 0.730935
0.417622 0.55247
0.427237 0.647008
0.43217 0.741673
0.456433 0.49277
next pose
0.46128 0.335987
0.451647 0.419612
0.538703 0.433282
0.553144 0.500942
0.558051 0.552471
0.369306 0.438698
0.364395 0.503582
0.359645 0.565872
0.509518 0.552345
0.495127 0.639073
0.485391 0.730935
0.417622 0.55247
0.427237 0.647008
0.43217 0.741673
0.456433 0.49277
next pose
0.465993 0.335981
0.456344 0.417102
0.538739 0.433313
0.553257 0.500974
0.557977 0.552453
0.373898 0.438666
0.364332 0.500961
0.364068 0.563168
0.504825 0.552296
0.490446 0.639073
0.485522 0.728322
0.412854 0.55242
0.42736 0.647009
0.436755 0.736343
0.45642 0.490201
next pose
0.461259 0.336016
0.456279 0.419656
0.534005 0.435926
0.553323 0.500935
0.558017 0.552419
0.373944 0.438673
0.364455 0.500938
0.364046 0.560452
0.504743 0.552241
0.49509 0.641588
0.485464 0.730909
0.412834 0.552365
0.42728 0.644343
0.436736 0.738972
0.456379 0.490173
next pose
0.461259 0.336016
0.456279 0.419656
0.534005 0.435926
0.553323 0.500935
0.558017 0.552419
0.373944 0.438673
0.364455 0.500938
0.364046 0.560452
0.504743 0.552241
0.49509 0.641588
0.485464 0.730909
0.412834 0.552365
0.42728 0.644343
0.436736 0.738972
0.456379 0.490173
next pose
0.46128 0.338546
0.451631 0.419734
0.538684 0.433313
0.553306 0.500934
0.558015 0.552436
0.37392 0.438664
0.364388 0.498246
0.359558 0.557718
0.504825 0.552246
0.49509 0.641638
0.485481 0.733601
0.412709 0.552383
0.4225 0.644397
0.432171 0.739075
0.456353 0.490168
next pose
0.461249 0.335998
0.451612 0.417011
0.533906 0.43327
0.553226 0.50097
0.558043 0.552491
0.369298 0.438641
0.364364 0.498231
0.359622 0.552405
0.504759 0.549716
0.490405 0.641605
0.485534 0.730886
0.412711 0.552346
0.42722 0.644372
0.436803 0.736357
0.456334 0.490112
next pose
0.461249 0.335998
0.451612 0.417011
0.533906 0.43327
0.553226 0.50097
0.558043 0.552491
0.369298 0.438641
0.364364 0.498231
0.359622 0.552405
0.504759 0.549716
0.490405 0.641605
0.485534 0.730886
0.412711 0.552346
0.42722 0.644372
0.436803 0.736357
0.456334 0.490112
next pose
0.45644 0.336016
0.451648 0.41708
0.538703 0.43334
0.553202 0.503534
0.558002 0.55248
0.369307 0.438677
0.364302 0.498189
0.359394 0.552313
0.504737 0.549716
0.490359 0.639027
0.48084 0.730917
0.408033 0.55233
0.427192 0.641697
0.436738 0.736342
0.456354 0.49013
next pose
0.461124 0.336018
0.451584 0.417099
0.538781 0.435961
0.553273 0.503623
0.558208 0.555118
0.369257 0.438656
0.364113 0.500942
0.359205 0.552464
0.504839 0.549686
0.49037 0.641619
0.485649 0.733637
0.412719 0.552323
0.427159 0.644325
0.432129 0.741645
0.456357 0.490115
next pose
0.461124 0.336018
0.451584 0.417099
0.538781 0.435961
0.553273 0.503623
0.558208 0.555118
0.369257 0.438656
0.364113 0.500942
0.359205 0.552464
0.504839 0.549686
0.49037 0.641619
0.485649 0.733637
0.412719 0.552323
0.427159 0.644325
0.432129 0.741645
0.456357 0.490115
next pose
0.461145 0.336024
0.456284 0.417086
0.538768 0.43327
0.553208 0.500947
0.558124 0.552383
0.369303 0.438651
0.364058 0.50089
0.354674 0.552416
0.504804 0.549651
0.490333 0.638978
0.485491 0.730924
0.412758 0.55226
0.427224 0.641713
0.43679 0.738966
0.456308 0.490084
next pose
0.461167 0.336039
0.45634 0.417099
0.543513 0.43328
0.553287 0.503556
0.55814 0.552479
0.373934 0.438608
0.359467 0.498211
0.349764 0.549574
0.509546 0.552262
0.490301 0.639045
0.485483 0.730902
0.417535 0.552358
0.42247 0.641667
0.432215 0.739059
0.461151 0.490154
next pose
0.45637 0.336013
0.461146 0.417004
0.538784 0.433237
0.553227 0.495481
0.558143 0.549702
0.378812 0.427894
0.354658 0.484698
0.359486 0.479332
0.504753 0.549663
0.490333 0.639064
0.490415 0.738968
0.408087 0.549716
0.427273 0.641712
0.436748 0.744301
0.456441 0.487501
next pose
0.451468 0.336
0.466078 0.411662
0.538736 0.427932
0.553375 0.495544
0.55809 0.552301
0.393438 0.42256
0.359236 0.468502
0.393367 0.430564
0.499978 0.549518
0.490404 0.638994
0.485559 0.73093
0.408052 0.549506
0.42734 0.641637
0.436786 0.741706
0.461224 0.487297
next pose
0.451468 0.336
0.466078 0.411662
0.538736 0.427932
0.553375 0.495544
0.55809 0.552301
0.393438 0.42256
0.359236 0.468502
0.393367 0.430564
0.499978 0.549518
0.490404 0.638994
0.485559 0.73093
0.408052 0.549506
0.42734 0.641637
0.436786 0.741706
0.461224 0.487297
next pose
0.451467 0.335994
0.466094 0.416974
0.538747 0.425282
0.55332 0.492833
0.558029 0.549581
0.398129 0.419761
0.354531 0.457577
0.403284 0.403525
0.50007 0.546917
0.49508 0.638958
0.480829 0.730903
0.407825 0.544222
0.427301 0.639046
0.436802 0.736303
0.46123 0.484692
next pose
0.446824 0.336004
0.470769 0.416953
0.543653 0.427876
0.553338 0.495518
0.558127 0.54964
0.398342 0.414355
0.359495 0.441333
0.417549 0.381874
0.500047 0.546938
0.490419 0.638943
0.485468 0.728243
0.403292 0.546826
0.431982 0.641585
0.436828 0.738986
0.461267 0.484631
next pose
0.446824 0.336004
0.470769 0.416953
0.543653 0.427876
0.553338 0.495518
0.558127 0.54964
0.398342 0.414355
0.359495 0.441333
0.417549 0.381874
0.500047 0.546938
0.490419 0.638943
0.485468 0.728243
0.403292 0.546826
0.431982 0.641585
0.436828 0.738986
0.461267 0.484631
next pose
0.446717 0.335937
0.461222 0.414331
0.543552 0.430575
0.548555 0.49284
0.55826 0.544261
0.393436 0.417079
0.36911 0.422501
0.427204 0.365621
0.504813 0.546959
0.495168 0.638995
0.485571 0.730925
0.403322 0.546858
0.432065 0.641653
0.436797 0.741682
0.461214 0.484662
next pose
0.446756 0.335989
0.465963 0.419663
0.543624 0.433329
0.553295 0.498217
0.558344 0.549544
0.393398 0.414392
0.369237 0.408949
0.432146 0.357482
0.504859 0.546951
0.500009 0.638928
0.490226 0.730955
0.403343 0.546839
0.432132 0.639042
0.436868 0.739061
0.456456 0.484666
next pose
0.446756 0.335989
0.465963 0.419663
0.543624 0.433329
0.553295 0.498217
0.558344 0.549544
0.393398 0.414392
0.369237 0.408949
0.432146 0.357482
0.504859 0.546951
0.500009 0.638928
0.490226 0.730955
0.403343 0.546839
0.432132 0.639042
0.436868 0.739061
0.456456 0.484666
next pose
0.451482 0.335923
0.466082 0.417062
0.548453 0.435959
0.553456 0.500898
0.558379 0.549713
0.393434 0.417089
0.364413 0.400809
0.436866 0.35487
0.504901 0.549569
0.50476 0.639025
0.490301 0.733613
0.407895 0.546942
0.432121 0.641608
0.432172 0.741671
0.461273 0.484791
next pose
0.451563 0.335996
0.47079 0.419641
0.55307 0.438616
0.558063 0.506275
0.562939 0.552449
0.398048 0.419797
0.364326 0.398219
0.43696 0.354802
0.509744 0.552255
0.504807 0.641611
0.490227 0.730981
0.41286 0.549698
0.436715 0.641699
0.43674 0.739081
0.470718 0.487434
next pose
0.451563 0.335996
0.47079 0.419641
0.55307 0.438616
0.558063 0.506275
0.562939 0.552449
0.398048 0.419797
0.364326 0.398219
0.43696 0.354802
0.509744 0.552255
0.504807 0.641611
0.490227 0.730981
0.41286 0.549698
0.436715 0.641699
0.43674 0.739081
0.470718 0.487434
next pose
0.456384 0.335965
0.470859 0.417075
0.553149 0.435979
0.558026 0.498231
0.563149 0.549598
0.39817 0.422521
0.364119 0.398238
0.436825 0.357482
0.514321 0.552279
0.50478 0.641675
0.49039 0.730924
0.417535 0.549707
0.432164 0.641672
0.436827 0.741636
0.470815 0.487462
next pose
0.461222 0.335848
0.475601 0.417094
0.553398 0.433286
0.558405 0.492888
0.56305 0.549572
0.398339 0.42243
0.364152 0.398215
0.436835 0.35753
0.514402 0.552286
0.509516 0.641633
0.490345 0.730946
0.422399 0.549665
0.436727 0.641658
0.436702 0.741675
0.470994 0.487446
next pose
0.461226 0.335845
0.475608 0.417088
0.553411 0.433285
0.5584 0.495493
0.562988 0.549582
0.398343 0.422427
0.364155 0.398216
0.436831 0.357533
0.514399 0.552286
0.50954 0.641627
0.490391 0.730938
0.422399 0.549665
0.436732 0.641659
0.436697 0.741677
0.470998 0.487447
next pose
0.451652 0.338565
0.475755 0.419802
0.557987 0.435973
0.558486 0.492826
0.567965 0.549513
0.403016 0.425142
0.364187 0.398215
0.436949 0.357498
0.514492 0.552234
0.509687 0.641575
0.490309 0.730878
0.427182 0.549555
0.432156 0.639054
0.436734 0.738978
0.475627 0.487449
next pose
0.46122 0.33858
0.47573 0.419715
0.557978 0.433259
0.562989 0.490147
0.572667 0.549565
0.402957 0.422498
0.364278 0.398161
0.437032 0.357472
0.514569 0.552233
0.509635 0.639011
0.490343 0.730896
0.427189 0.549582
0.432135 0.639042
0.432136 0.739061
0.475597 0.487413
next pose
0.46122 0.33858
0.47573 0.419715
0.557978 0.433259
0.562989 0.490147
0.572667 0.549565
0.402957 0.422498
0.364278 0.398161
0.437032 0.357472
0.514569 0.552233
0.509635 0.639011
0.490343 0.730896
0.427189 0.549582
0.432135 0.639042
0.432136 0.739061
0.475597 0.487413
next pose
0.46608 0.338548
0.475717 0.419619
0.553477 0.430625
0.562982 0.490073
0.582319 0.549495
0.402916 0.419834
0.364369 0.398211
0.441648 0.354947
0.514469 0.549678
0.509751 0.638961
0.490375 0.730874
0.422447 0.549518
0.432176 0.64158
0.432163 0.738996
0.475524 0.487339
next pose
0.470779 0.33856
0.475836 0.411615
0.55352 0.430536
0.562992 0.487535
0.587105 0.549525
0.403169 0.41966
0.364356 0.398178
0.437134 0.357521
0.514515 0.54962
0.509752 0.641581
0.490383 0.730959
0.427242 0.546921
0.432142 0.641604
0.43208 0.736324
0.475636 0.484759
next pose
0.470779 0.33856
0.475836 0.411615
0.55352 0.430536
0.562992 0.487535
0.587105 0.549525
0.403169 0.41966
0.364356 0.398178
0.437134 0.357521
0.514515 0.54962
0.509752 0.641581
0.490383 0.730959
0.427242 0.546921
0.432142 0.641604
0.43208 0.736324
0.475636 0.484759
next pose
0.470829 0.338556
0.48039 0.414402
0.558051 0.430598
0.563053 0.49009
0.587092 0.549588
0.407925 0.419753
0.364268 0.398196
0.441649 0.357473
0.514667 0.549677
0.514356 0.641611
0.499959 0.733594
0.431993 0.549499
0.432222 0.641692
0.432101 0.739
0.475808 0.487297
next pose
0.470777 0.336029
0.48044 0.417003
0.558066 0.430565
0.56317 0.490162
0.58244 0.549646
0.412723 0.419737
0.359467 0.400839
0.436977 0.357639
0.514621 0.54955
0.509768 0.639019
0.495129 0.730884
0.431998 0.546874
0.432179 0.641652
0.432217 0.736328
0.475819 0.484779
next pose
0.470777 0.336029
0.48044 0.417003
0.558066 0.430565
0.56317 0.490162
0.58244 0.549646
0.412723 0.419737
0.359467 0.400839
0.436977 0.357639
0.514621 0.54955
0.509768 0.639019
0.495129 0.730884
0.431998 0.546874
0.432179 0.641652
0.432217 0.736328
0.475819 0.484779
next pose
0.46616 0.335897
0.475909 0.41432
0.553481 0.425269
0.567796 0.487437
0.58716 0.546919
0.407985 0.417017
0.344874 0.403627
0.431983 0.365618
0.514596 0.549492
0.509795 0.638924
0.490323 0.728297
0.432024 0.546832
0.432183 0.639061
0.432128 0.730987
0.47576 0.484678
next pose
0.466056 0.335806
0.47597 0.414302
0.553517 0.425226
0.572645 0.487501
0.587282 0.546926
0.407907 0.417063
0.33528 0.419656
0.412842 0.373759
0.514505 0.549572
0.509776 0.638948
0.490311 0.728216
0.432037 0.546831
0.432139 0.639027
0.43674 0.73897
0.475806 0.48469
next pose
0.466056 0.335806
0.47597 0.414302
0.553517 0.425226
0.572645 0.487501
0.587282 0.546926
0.407907 0.417063
0.33528 0.419656
0.412842 0.373759
0.514505 0.549572
0.509776 0.638948
0.490311 0.728216
0.432037 0.546831
0.432139 0.639027
0.43674 0.73897
0.475806 0.48469
next pose
0.451649 0.335887
0.475915 0.417065
0.558016 0.42513
0.577552 0.484718
0.587266 0.5361
0.40312 0.419686
0.32576 0.422563
0.408079 0.3819
0.514574 0.549616
0.509754 0.638975
0.485536 0.728247
0.432215 0.546937
0.436723 0.639045
0.436696 0.73632
0.475782 0.484756
next pose
0.441972 0.343964
0.475733 0.422564
0.553421 0.427883
0.582318 0.484783
0.587106 0.536143
0.402966 0.419728
0.325298 0.438715
0.403244 0.398136
0.514666 0.549542
0.509636 0.638859
0.490331 0.730888
0.43678 0.546864
0.432124 0.638922
0.436766 0.739043
0.475692 0.48478
next pose
0.427301 0.357437
0.480407 0.438685
0.553188 0.433293
0.587257 0.487385
0.577468 0.538825
0.403189 0.422536
0.344892 0.444228
0.320607 0.454974
0.514761 0.549551
0.509692 0.636302
0.485405 0.72824
0.436832 0.546946
0.427344 0.636318
0.436755 0.736333
0.475736 0.48733
next pose
1 0
0.490325 0.449529
0.558025 0.444186
0.59201 0.506282
0.558139 0.54963
1 0
1 0
1 0
0.514563 0.549613
0.509676 0.636317
0.490366 0.728227
0.436757 0.546967
0.431929 0.638847
0.43673 0.733633
0.47591 0.490122
next pose
1 0
0.490325 0.449529
0.558025 0.444186
0.59201 0.506282
0.558139 0.54963
1 0
1 0
1 0
0.514563 0.549613
0.509676 0.636317
0.490366 0.728227
0.436757 0.546967
0.431929 0.638847
0.43673 0.733633
0.47591 0.490122
next pose
0.407853 0.403565
0.480507 0.484731
0.553268 0.463005
0.587128 0.522605
0.533986 0.560487
0.388449 0.465698
0.330353 0.492795
0.315693 0.522585
0.514643 0.568618
0.509544 0.646994
0.485602 0.733581
0.432218 0.571192
0.43206 0.64702
0.436737 0.736352
0.475559 0.514482
next pose
1 0
0.47588 0.460299
0.553341 0.468453
0.587109 0.530767
0.519394 0.57127
0.388524 0.463013
1 0
1 0
0.519349 0.571307
0.509595 0.649689
0.495211 0.730962
0.43679 0.571243
0.432109 0.644384
0.436826 0.738992
0.475814 0.52524
next pose
1 0
0.47588 0.460299
0.553341 0.468453
0.587109 0.530767
0.519394 0.57127
0.388524 0.463013
1 0
1 0
0.519349 0.571307
0.509595 0.649689
0.495211 0.730962
0.43679 0.571243
0.432109 0.644384
0.436826 0.738992
0.475814 0.52524
next pose
0.485548 0.373727
0.485479 0.465771
0.572646 0.454913
0.56301 0.528067
1 0
0.403154 0.454955
0.403289 0.525312
1 0
0.514646 0.579432
0.485508 0.657933
0.461222 0.744405
0.48052 0.584779
0.480816 0.660575
0.480694 0.744386
0.485669 0.51985
next pose
0.509586 0.357434
0.485631 0.44954
0.58243 0.454907
0.563032 0.528069
0.55329 0.592983
0.403244 0.444155
0.403246 0.527979
0.436785 0.598414
0.519607 0.579372
0.500076 0.66051
0.490228 0.741727
0.461302 0.579436
0.451506 0.660529
0.441759 0.741651
0.490309 0.511826
next pose
0.509586 0.357434
0.485631 0.44954
0.58243 0.454907
0.563032 0.528069
0.55329 0.592983
0.403244 0.444155
0.403246 0.527979
0.436785 0.598414
0.519607 0.579372
0.500076 0.66051
0.490228 0.741727
0.461302 0.579436
0.451506 0.660529
0.441759 0.741651
0.490309 0.511826
next pose
0.514556 0.341297
0.490295 0.441411
0.587168 0.444176
0.567982 0.525328
0.557963 0.590157
0.403163 0.441488
0.403125 0.528014
0.431944 0.598281
0.519553 0.576704
0.509695 0.657874
0.485637 0.739037
0.451566 0.576734
0.441823 0.657922
0.43688 0.739009
0.4856 0.50916
next pose
0.519507 0.33578
0.490289 0.441346
0.587233 0.44128
0.587297 0.514445
0.558368 0.576787
0.403113 0.441269
0.403046 0.525228
0.422382 0.592939
0.524351 0.574086
0.514289 0.657734
0.490319 0.738991
0.451522 0.574062
0.43696 0.655116
0.436961 0.733659
0.490293 0.506422
next pose
0.519507 0.33578
0.490289 0.441346
0.587233 0.44128
0.587297 0.514445
0.558368 0.576787
0.403113 0.441269
0.403046 0.525228
0.422382 0.592939
0.524351 0.574086
0.514289 0.657734
0.490319 0.738991
0.451522 0.574062
0.43696 0.655116
0.436961 0.733659
0.490293 0.506422
next pose
0.519642 0.333086
0.48563 0.43869
0.587156 0.438645
0.592061 0.506441
0.582388 0.571209
0.403094 0.438622
0.402909 0.522594
0.422508 0.592842
0.524212 0.573926
0.514453 0.655202
0.490336 0.736285
0.451531 0.573926
0.436965 0.655197
0.436777 0.733662
0.485621 0.506292
next pose
0.524215 0.327805
0.48555 0.422572
0.57763 0.427842
0.592075 0.498185
0.596982 0.549688
0.403017 0.43863
0.402885 0.522523
0.417587 0.590109
0.529147 0.573871
0.514679 0.65781
0.495069 0.741682
0.461221 0.571355
0.442009 0.657769
0.42724 0.733662
0.490329 0.503671
next pose
0.524215 0.327805
0.48555 0.422572
0.57763 0.427842
0.592075 0.498185
0.596982 0.549688
0.403017 0.43863
0.402885 0.522523
0.417587 0.590109
0.529147 0.573871
0.514679 0.65781
0.495069 0.741682
0.461221 0.571355
0.442009 0.657769
0.42724 0.733662
0.490329 0.503671
next pose
0.514699 0.325037
0.485587 0.422443
0.58235 0.427938
0.587332 0.487478
0.621174 0.530764
0.403043 0.436006
0.398397 0.51984
0.412665 0.590106
0.529208 0.573938
0.519291 0.657854
0.495222 0.739027
0.461133 0.573988
0.45632 0.657868
0.437178 0.741647
0.490217 0.506219
next pose
0.514372 0.325012
0.480789 0.422454
0.563106 0.422496
0.587205 0.484677
0.626055 0.514432
0.403139 0.427886
0.398391 0.514482
0.40791 0.587444
0.543605 0.57392
0.519426 0.660549
0.499918 0.741693
0.466034 0.573984
0.466145 0.663262
0.44188 0.747184
0.490295 0.503609
next pose
0.514372 0.325012
0.480789 0.422454
0.563106 0.422496
0.587205 0.484677
0.626055 0.514432
0.403139 0.427886
0.398391 0.514482
0.40791 0.587444
0.543605 0.57392
0.519426 0.660549
0.499918 0.741693
0.466034 0.573984
0.466145 0.663262
0.44188 0.747184
0.490295 0.503609
next pose
0.50482 0.319645
0.480834 0.419868
0.562998 0.422619
0.596857 0.487479
0.650358 0.514501
0.40318 0.42513
0.398415 0.5091
0.40792 0.582076
0.543666 0.574082
0.519194 0.668693
0.48541 0.739066
0.466098 0.574101
0.475701 0.679448
0.446647 0.766065
0.495058 0.506195
next pose
0.490333 0.317018
0.485496 0.419841
0.572728 0.422597
0.597199 0.487418
0.6793 0.514513
0.403268 0.422473
0.398336 0.508995
0.403258 0.582104
0.548344 0.573931
0.514581 0.671345
0.475724 0.744436
0.466122 0.573961
0.475826 0.679552
0.461188 0.782338
0.499925 0.503523
next pose
0.490333 0.317018
0.485496 0.419841
0.572728 0.422597
0.597199 0.487418
0.6793 0.514513
0.403268 0.422473
0.398336 0.508995
0.403258 0.582104
0.548344 0.573931
0.514581 0.671345
0.475724 0.744436
0.466122 0.573961
0.475826 0.679552
0.461188 0.782338
0.499925 0.503523
next pose
0.48541 0.317032
0.485608 0.422348
0.577488 0.427888
0.626048 0.492817
0.708613 0.525266
0.403271 0.422396
0.398327 0.508974
0.403094 0.582114
0.543694 0.574105
0.514359 0.679502
1 0
0.465965 0.574007
0.47581 0.687632
0.470896 0.793133
0.495209 0.503662
next pose
0.500025 0.317037
0.485627 0.419808
0.582378 0.425212
0.630852 0.492801
0.718256 0.530694
0.403085 0.41985
0.398029 0.506436
0.398273 0.584765
0.533877 0.576771
0.509781 0.679407
0.475548 0.747117
0.45152 0.574105
0.475689 0.684899
0.466024 0.784958
0.490253 0.503669
next pose
0.509736 0.31705
0.48562 0.417057
0.582376 0.42513
0.635617 0.495539
0.732758 0.533431
0.402971 0.419824
0.393358 0.506426
0.393213 0.582077
0.524406 0.576729
0.50483 0.6794
0.475609 0.749859
0.446734 0.574063
0.475735 0.682293
0.470747 0.78776
0.4856 0.503608
next pose
0.514441 0.317038
0.49511 0.414295
0.587206 0.425263
0.635717 0.498224
0.737549 0.533442
0.403127 0.41968
0.388449 0.506215
0.378874 0.576768
0.52426 0.574011
0.504837 0.679428
1 0
0.442064 0.573949
0.470891 0.684973
0.475641 0.793169
0.48561 0.500952
next pose
0.514441 0.317038
0.49511 0.414295
0.587206 0.425263
0.635717 0.498224
0.737549 0.533442
0.403127 0.41968
0.388449 0.506215
0.378874 0.576768
0.52426 0.574011
0.504837 0.679428
1 0
0.442064 0.573949
0.470891 0.684973
0.475641 0.793169
0.48561 0.500952
next pose
0.519362 0.316992
0.495249 0.414328
0.591852 0.425234
0.635873 0.500961
0.742469 0.533461
0.403208 0.414398
0.383567 0.503635
0.364564 0.579396
0.519597 0.574071
0.509682 0.679421
0.475796 0.744411
0.437151 0.574042
0.46608 0.687673
0.475603 0.793235
0.485453 0.500901
next pose
0.524369 0.314271
0.509552 0.403571
0.591945 0.425183
0.640709 0.503643
0.752039 0.533432
0.40793 0.414395
0.374012 0.503611
0.359653 0.582136
0.519361 0.576788
0.514585 0.679522
1 0
0.436999 0.576717
0.446862 0.693014
0.470961 0.79056
0.485425 0.503533
next pose
0.548335 0.311603
0.514367 0.400942
0.592141 0.422453
0.655064 0.503617
0.756881 0.536069
0.417628 0.411668
0.373968 0.503547
0.364118 0.584758
0.524184 0.579408
0.519657 0.679439
0.485597 0.736365
0.436991 0.576766
0.441658 0.693042
0.475506 0.793144
0.490255 0.500925
next pose
0.548335 0.311603
0.514367 0.400942
0.592141 0.422453
0.655064 0.503617
0.756881 0.536069
0.417628 0.411668
0.373968 0.503547
0.364118 0.584758
0.524184 0.579408
0.519657 0.679439
0.485597 0.736365
0.436991 0.576766
0.441658 0.693042
0.475506 0.793144
0.490255 0.500925
next pose
0.553348 0.311622
0.519215 0.400882
0.596927 0.4226
0.669476 0.50619
0.756942 0.536172
0.432079 0.408927
0.383583 0.500962
0.364369 0.587448
0.524198 0.582057
0.524398 0.682215
0.495156 0.733595
0.436961 0.579386
0.441741 0.695785
0.47555 0.793199
0.495136 0.50097
next pose
0.553348 0.311622
0.519215 0.400882
0.596927 0.4226
0.669476 0.50619
0.756942 0.536172
0.432079 0.408927
0.383583 0.500962
0.364369 0.587448
0.524198 0.582057
0.524398 0.682215
0.495156 0.733595
0.436961 0.579386
0.441741 0.695785
0.47555 0.793199
0.495136 0.50097
next pose
0.562972 0.311615
0.51961 0.400893
0.597163 0.422572
0.669655 0.503672
0.781053 0.533478
0.436903 0.408917
0.388558 0.503638
0.378885 0.590167
0.519663 0.584819
0.529199 0.687629
0.499902 0.733584
0.436935 0.579394
0.441637 0.698399
0.470907 0.790483
0.500007 0.500965
next pose
0.58726 0.31151
0.529065 0.406214
0.606665 0.425208
0.674475 0.506194
0.785811 0.533428
0.437173 0.403566
0.393363 0.50365
0.388467 0.590127
0.529005 0.582089
0.533929 0.695704
0.509528 0.733673
0.436783 0.576656
0.441669 0.701062
0.470907 0.790554
0.509531 0.500906
next pose
0.592273 0.314157
0.533938 0.406274
0.621157 0.425266
0.674459 0.503685
0.781199 0.53345
0.437178 0.403564
0.398005 0.503663
0.393381 0.587513
0.529147 0.582082
0.533934 0.698362
1 0
0.436813 0.57668
0.441837 0.701056
0.475657 0.793109
0.509658 0.500951
next pose
0.592273 0.314157
0.533938 0.406274
0.621157 0.425266
0.674459 0.503685
0.781199 0.53345
0.437178 0.403564
0.398005 0.503663
0.393381 0.587513
0.529147 0.582082
0.533934 0.698362
1 0
0.436813 0.57668
0.441837 0.701056
0.475657 0.793109
0.509658 0.500951
next pose
0.596988 0.311448
0.543622 0.406217
0.630693 0.430617
0.674478 0.506261
0.785973 0.533509
0.441689 0.403511
0.398008 0.50364
0.398117 0.590165
0.533891 0.582126
0.529193 0.701063
1 0
0.436834 0.574108
0.441862 0.701105
0.47578 0.793205
0.51428 0.503555
next pose
0.596988 0.311448
0.543622 0.406217
0.630693 0.430617
0.674478 0.506261
0.785973 0.533509
0.441689 0.403511
0.398008 0.50364
0.398117 0.590165
0.533891 0.582126
0.529193 0.701063
1 0
0.436834 0.574108
0.441862 0.701105
0.47578 0.793205
0.51428 0.503555
next pose
0.5971 0.308729
0.548391 0.400904
0.6307 0.422539
0.67441 0.50365
0.781193 0.533387
0.441967 0.400935
0.398082 0.506211
0.398349 0.592793
0.533915 0.587505
0.5292 0.695691
1 0
0.436859 0.579392
0.441989 0.701097
0.475719 0.793102
0.514366 0.500914
next pose
0.611462 0.306058
0.553111 0.400731
0.630846 0.422357
0.67445 0.500956
0.781171 0.533403
0.441964 0.400952
0.398054 0.503656
0.398248 0.592886
0.533991 0.5875
0.548459 0.690291
0.4951 0.736341
0.43701 0.582081
0.446718 0.701097
0.475648 0.7905
0.514481 0.500883
next pose
0.616256 0.303426
0.553275 0.400815
0.630855 0.422585
0.674491 0.503544
0.781132 0.533405
0.446668 0.40085
0.398203 0.503632
0.402961 0.592991
0.538831 0.590163
0.55304 0.69031
0.499977 0.730931
0.441685 0.58214
0.446609 0.701113
0.475848 0.790547
0.514636 0.503536
next pose
0.616256 0.303426
0.553275 0.400815
0.630855 0.422585
0.674491 0.503544
0.781132 0.533405
0.446668 0.40085
0.398203 0.503632
0.402961 0.592991
0.538831 0.590163
0.55304 0.69031
0.499977 0.730931
0.441685 0.58214
0.446609 0.701113
0.475848 0.790547
0.514636 0.503536
next pose
0.616323 0.306087
0.55317 0.403526
0.630881 0.427846
0.674466 0.500953
0.781224 0.533512
0.446662 0.400926
0.398118 0.503637
0.402859 0.595517
0.543635 0.587542
0.5484 0.69848
1 0
0.441861 0.582054
0.442046 0.701192
0.475734 0.790504
0.514666 0.503576
next pose
0.616323 0.306087
0.55317 0.403526
0.630881 0.427846
0.674466 0.500953
0.781224 0.533512
0.446662 0.400926
0.398118 0.503637
0.402859 0.595517
0.543635 0.587542
0.5484 0.69848
1 0
0.441861 0.582054
0.442046 0.701192
0.475734 0.790504
0.514666 0.503576
next pose
0.61153 0.300764
0.553348 0.400825
0.630959 0.425211
0.674478 0.500924
0.785901 0.533497
0.44681 0.400896
0.398214 0.5036
0.403132 0.595524
0.543629 0.590234
0.548552 0.701028
1 0
0.441828 0.584763
0.442083 0.701216
0.475926 0.793173
0.514747 0.503608