0.475555 0.35216
0.45632 0.41987
0.519422 0.441328
0.543591 0.503644
0.548535 0.552346
0.393219 0.438632
0.364147 0.495508
0.359609 0.552302
0.480775 0.538809
0.48044 0.620078
0.470892 0.701191
0.403194 0.536072
0.378827 0.630828
0.335167 0.722882
0.446694 0.487341
next pose
0.475573 0.352123
0.451604 0.42234
0.519382 0.441324
0.53881 0.503579
0.553002 0.549714
0.38859 0.438619
0.364125 0.495499
0.359637 0.552287
0.48065 0.533492
0.480464 0.619974
0.470735 0.701147
0.403091 0.533422
0.383608 0.628146
0.335163 0.722878
0.442116 0.487294
next pose
0.475507 0.352137
0.456296 0.419866
0.51938 0.441322
0.538829 0.503614
0.55301 0.549684
0.393221 0.43864
0.364158 0.495534
0.36407 0.552256
0.48066 0.536147
0.480428 0.620053
0.470808 0.701211
0.40306 0.533463
0.373965 0.633479
0.335171 0.722867
0.446587 0.48733
next pose
0.475508 0.352156
0.451602 0.419883
0.519348 0.441333
0.538804 0.503601
0.553008 0.549696
0.393196 0.438601
0.364145 0.495492
0.359621 0.552311
0.480789 0.53881
0.4805 0.620066
0.470769 0.70116
0.403179 0.536107
0.378763 0.633454
0.335119 0.7229
0.446649 0.487345
next pose
0.475578 0.354675
0.456315 0.422353
0.519417 0.441317
0.543506 0.50359
0.553033 0.549697
0.393209 0.438614
0.364168 0.495483
0.36405 0.54969
0.480727 0.536109
0.480416 0.622654
0.470802 0.701194
0.403134 0.533418
0.374057 0.633411
0.330534 0.722855
0.446644 0.487302
next pose
0.475488 0.352144
0.456294 0.419888
0.519418 0.441364
0.543518 0.503615
0.553007 0.552236
0.393189 0.438642
0.364161 0.495508
0.359629 0.552245
0.480794 0.536119
0.480507 0.619935
0.470923 0.701067
0.403164 0.53347
0.378897 0.62813
0.335186 0.722835
0.446669 0.487327
next pose
0.475604 0.354683
0.451658 0.422392
0.519375 0.441329
0.543518 0.50357
0.55304 0.549677
0.393227 0.438627
0.364141 0.492896
0.364097 0.552309
0.480842 0.536063
0.480512 0.620014
0.466118 0.701125
0.403258 0.533438
0.383669 0.628058
0.335235 0.722838
0.446695 0.487294
next pose
0.475547 0.352161
0.451613 0.422411
0.519358 0.44131
0.538813 0.503583
0.548467 0.552246
0.393223 0.438605
0.364147 0.492899
0.359613 0.55225
0.480759 0.536112
0.48044 0.619992
0.470895 0.701065
0.403208 0.533461
0.378812 0.633437
0.335105 0.7229
0.44665 0.487305
next pose
0.475536 0.352159
0.451575 0.422418
0.519346 0.441319
0.538853 0.503597
0.552993 0.549738
0.393194 0.438641
0.364164 0.4955
0.36407 0.55231
0.485386 0.536111
0.480514 0.620018
0.470803 0.7011
0.403303 0.533443
0.383595 0.628143
0.330533 0.722866
0.446712 0.487317
next pose
0.475546 0.352148
0.45155 0.422382
0.519318 0.441326
0.538846 0.50359
0.553012 0.552288
0.393192 0.438608
0.364169 0.49551
0.359606 0.552339
0.480859 0.53347
0.480497 0.619942
0.470906 0.701139
0.403269 0.533419
0.378837 0.630838
0.335171 0.722872
0.446667 0.487288
next pose
0.475604 0.354683
0.45162 0.422348
0.519346 0.441322
0.538813 0.503663
0.548557 0.552378
0.393198 0.438624
0.364164 0.49555
0.3596 0.552375
0.480841 0.541532
0.48043 0.62265
0.470921 0.701222
0.403243 0.538811
0.378842 0.633417
0.335279 0.722842
0.446702 0.487385
next pose
0.475579 0.354697
0.451621 0.422352
0.519322 0.441291
0.538764 0.503639
0.548529 0.552386
0.393236 0.438638
0.36419 0.49551
0.35964 0.552263
0.480852 0.538803
0.480489 0.62
0.466083 0.701035
0.403226 0.536103
0.378851 0.630824
0.335198 0.722883
0.446702 0.487347
next pose
0.475513 0.354682
0.451647 0.422379
0.519346 0.441296
0.538773 0.503651
0.548508 0.552368
0.39329 0.438651
0.364167 0.49551
0.359614 0.55231
0.480872 0.538841
0.480504 0.622648
0.466123 0.701141
0.403248 0.536096
0.378896 0.630828
0.335129 0.72287
0.446753 0.48735
next pose
0.475568 0.354674
0.451629 0.42238
0.519346 0.44127
0.538811 0.506201
0.548439 0.555068
0.393297 0.438646
0.364233 0.495499
0.359607 0.552299
0.48547 0.544195
0.480525 0.622651
0.470839 0.701183
0.407803 0.538845
0.378835 0.633411
0.335199 0.722848
0.446834 0.487393
next pose
0.475564 0.354681
0.456278 0.422356
0.519353 0.441281
0.543497 0.50621
0.543688 0.5551
0.393282 0.438624
0.364169 0.492865
0.359571 0.549718
0.485364 0.541535
0.48051 0.622695
0.470741 0.701186
0.403292 0.536119
0.378901 0.630809
0.33513 0.72283
0.44681 0.487345
next pose
0.475534 0.352134
0.451636 0.422368
0.519369 0.441278
0.538747 0.506242
0.548353 0.555003
0.393288 0.438645
0.364174 0.495507
0.359616 0.552272
0.480841 0.544196
0.480538 0.620029
0.475496 0.701113
0.403256 0.538844
0.374016 0.636078
0.335176 0.722885
0.446761 0.487406
next pose
0.475496 0.352151
0.451591 0.422355
0.519325 0.441331
0.53883 0.506205
0.548502 0.552439
0.393247 0.438619
0.364147 0.492896
0.359632 0.552254
0.485392 0.53879
0.480545 0.619994
0.470893 0.701109
0.403261 0.536074
0.383579 0.630773
0.335159 0.722881
0.446747 0.487334
next pose
0.475558 0.352149
0.451587 0.4224
0.519341 0.441292
0.5435 0.503654
0.548536 0.552352
0.393219 0.438634
0.364135 0.495514
0.359527 0.552299
0.485363 0.546835
0.480564 0.620007
0.470778 0.701023
0.403209 0.541554
0.373939 0.636083
0.330532 0.722866
0.44672 0.487437
next pose
0.47554 0.352129
0.451494 0.42241
0.51926 0.441261
0.538814 0.503624
0.553018 0.552306
0.393207 0.438614
0.364169 0.495506
0.359597 0.552335
0.480882 0.538794
0.480645 0.620026
0.470887 0.701103
0.403313 0.536125
0.38363 0.630808
0.330536 0.722907
0.446701 0.487324
next pose
0.475502 0.352151
0.451582 0.422414
0.519361 0.441304
0.538831 0.503687
0.548472 0.555069
0.393194 0.438632
0.364179 0.495502
0.359619 0.552273
0.480881 0.538848
0.480555 0.620014
0.470955 0.701136
0.403272 0.53614
0.374075 0.633472
0.330532 0.722914
0.446742 0.48735
next pose
0.470989 0.352176
0.451592 0.42235
0.51931 0.438737
0.538855 0.503596
0.548548 0.552331
0.393257 0.438602
0.364173 0.492876
0.359572 0.549735
0.480796 0.536116
0.480498 0.619927
0.470843 0.701035
0.403248 0.533467
0.383626 0.62812
0.33516 0.722852
0.446685 0.487283
next pose
0.475509 0.352125
0.451587 0.422341
0.519314 0.44126
0.53884 0.503654
0.548498 0.552356
0.393213 0.438615
0.364153 0.495496
0.359599 0.549702
0.48071 0.541482
0.480489 0.620029
0.47082 0.70111
0.403195 0.536152
0.378814 0.630787
0.335122 0.722862
0.446638 0.487353
next pose
0.470959 0.352119
0.451512 0.422363
0.519285 0.441278
0.538827 0.50361
0.548525 0.552352
0.393197 0.438623
0.364154 0.495519
0.359601 0.552249
0.480764 0.536154
0.480477 0.620011
0.470982 0.701134
0.403239 0.533488
0.378839 0.630768
0.3351 0.72287
0.446645 0.487324
next pose
0.4709 0.352123
0.451569 0.422388
0.5193 0.441291
0.538814 0.503663
0.548539 0.552414
0.393279 0.438629
0.364154 0.492895
0.359589 0.54972
0.480728 0.538778
0.480434 0.620016
0.470945 0.701167
0.403213 0.53349
0.378885 0.630789
0.330498 0.722854
0.446653 0.487334
next pose
0.47097 0.352174
0.451521 0.422345
0.519263 0.44129
0.538804 0.503603
0.54847 0.552344
0.393183 0.438607
0.364124 0.495497
0.359609 0.549707
0.480738 0.538773
0.480414 0.622651
0.470809 0.701161
0.403158 0.533493
0.374 0.633472
0.330523 0.72289
0.44661 0.487326
next pose
0.470929 0.352131
0.451574 0.422376
0.519254 0.441276
0.538712 0.503609
0.548492 0.552415
0.393331 0.438633
0.364186 0.495507
0.359617 0.549707
0.480746 0.538782
0.480466 0.620041
0.470931 0.701205
0.403248 0.533493
0.378806 0.630829
0.335129 0.722881
0.446685 0.487325
next pose
0.470947 0.352141
0.451482 0.42236
0.519229 0.438753
0.543538 0.503595
0.548475 0.552379
0.393199 0.438619
0.364117 0.492878
0.359598 0.549704
0.480701 0.538835
0.480386 0.622694
0.470971 0.703752
0.403177 0.536103
0.378829 0.630835
0.335133 0.722876
0.446603 0.487329
next pose
0.470883 0.352169
0.451516 0.422394
0.519266 0.44127
0.538698 0.503633
0.548381 0.552432
0.393216 0.43864
0.364175 0.495503
0.359604 0.549713
0.480731 0.538772
0.480398 0.622648
0.470877 0.7012
0.4032 0.536065
0.378849 0.630787
0.330513 0.722898
0.44663 0.48733
next pose
0.470853 0.352131
0.45145 0.422406
0.519217 0.441285
0.538756 0.503618
0.54838 0.552386
0.393216 0.438646
0.364126 0.495501
0.359591 0.549698
0.480623 0.544184
0.480452 0.620043
0.470939 0.701063
0.403101 0.538865
0.374006 0.633484
0.335163 0.722825
0.442115 0.487418
next pose
0.470831 0.352118
0.44688 0.422374
0.51922 0.438755
0.538755 0.503592
0.548353 0.55233
0.393205 0.43864
0.364155 0.495504
0.359588 0.549707
0.480693 0.5415
0.480406 0.622726
0.470846 0.701179
0.403189 0.536157
0.373947 0.633535
0.335132 0.72289
0.446598 0.487368
next pose
0.470772 0.352103
0.446855 0.422453
0.519191 0.441264
0.538684 0.503573
0.548474 0.552243
0.393206 0.438645
0.364126 0.492872
0.364054 0.549686
0.480753 0.538784
0.480433 0.622651
0.470778 0.701215
0.403184 0.536085
0.373976 0.633485
0.335118 0.722885
0.44659 0.487343
next pose
0.470804 0.352109
0.451448 0.422392
0.519201 0.441259
0.53879 0.503558
0.548483 0.552332
0.393208 0.438635
0.364143 0.492893
0.359576 0.549677
0.480713 0.536126
0.480442 0.620058
0.470809 0.701146
0.403187 0.533443
0.374009 0.633455
0.335179 0.722813
0.446602 0.487298
next pose
0.466057 0.352014
0.44686 0.422433
0.519199 0.438724
0.53878 0.503558
0.548431 0.552323
0.393238 0.438651
0.364152 0.492888
0.359587 0.549699
0.4808 0.544178
0.480507 0.620051
0.470847 0.701125
0.403197 0.538856
0.374043 0.633435
0.33511 0.722862
0.446652 0.487394
next pose
0.461304 0.349429
0.446842 0.419853
0.519189 0.438683
0.53873 0.500957
0.548406 0.552305
0.393201 0.438593
0.36417 0.492864
0.359586 0.5497
0.480726 0.53608
0.480403 0.619968
0.470824 0.701141
0.403146 0.533447
0.369226 0.633475
0.335098 0.722786
0.442142 0.48727
next pose
0.465962 0.349392
0.446803 0.422345
0.519198 0.438686
0.538801 0.500907
0.548527 0.549727
0.393163 0.438591
0.364172 0.492847
0.359633 0.549667
0.480708 0.538799
0.48042 0.619954
0.470819 0.701164
0.403132 0.536123
0.369055 0.633489
0.335303 0.72269
0.442111 0.487315
next pose
0.461121 0.346684
0.446798 0.419802
0.514766 0.438658
0.538797 0.500947
0.552997 0.552236
0.388567 0.438593
0.364237 0.492879
0.359618 0.549656
0.480724 0.533403
0.475978 0.617354
0.466149 0.701087
0.40319 0.530823
0.374068 0.620084
0.349804 0.714725
0.44213 0.484781
next pose
0.456344 0.341364
0.446691 0.419695
0.514669 0.435959
0.534015 0.495572
0.54853 0.549574
0.388434 0.43595
0.364144 0.490234
0.359486 0.549617
0.480644 0.533488
0.475924 0.619958
0.466046 0.701185
0.403063 0.53345
0.373988 0.62812
0.364077 0.706597
0.442041 0.484763
next pose
0.451638 0.341358
0.446576 0.419675
0.514608 0.436004
0.533889 0.498212
0.548512 0.549573
0.383672 0.435944
0.36411 0.492777
0.359525 0.549628
0.480639 0.533482
0.475814 0.619996
0.470971 0.701232
0.403026 0.533431
0.383664 0.625407
0.369165 0.704001
0.441992 0.484762
next pose
0.451455 0.343986
0.44206 0.41972
0.51458 0.436009
0.529229 0.495557
0.54855 0.54955
0.383585 0.43334
0.364135 0.49284
0.359427 0.549649
0.48065 0.533384
0.47588 0.61995
0.470887 0.703758
0.403077 0.533379
0.388506 0.620031
0.388422 0.70379
0.441961 0.48472
next pose
0.446829 0.341312
0.441888 0.419696
0.514374 0.436033
0.524436 0.500896
0.548462 0.54969
0.374082 0.430607
0.35963 0.492855
0.359203 0.552263
0.480586 0.536117
0.475875 0.619978
0.47093 0.70119
0.403014 0.536121
0.397911 0.620052
0.393197 0.703779
0.441843 0.484771
next pose
0.446676 0.33871
0.441774 0.419703
0.509784 0.436007
0.524397 0.50357
0.548439 0.552382
0.373908 0.435944
0.359577 0.495474
0.359129 0.552252
0.480581 0.536148
0.47588 0.622646
0.47084 0.70123
0.403095 0.538797
0.398101 0.622724
0.397904 0.703934
0.441824 0.48481
next pose
0.442035 0.338664
0.441664 0.419685
0.509618 0.430633
0.524201 0.49828
0.548341 0.552312
0.369295 0.433299
0.35957 0.492842
0.354647 0.549613
0.48049 0.536103
0.475862 0.617364
0.470927 0.701172
0.403074 0.536127
0.398118 0.620068
0.398026 0.703813
0.441749 0.484755
next pose
0.441886 0.338662
0.437119 0.419693
0.504924 0.435935
0.519617 0.500905
0.548274 0.552318
0.364554 0.435922
0.359444 0.492805
0.354614 0.549584
0.475951 0.53608
0.475826 0.617347
0.470996 0.701155
0.40292 0.536121
0.398196 0.628045
0.398019 0.703902
0.437221 0.484779
next pose
0.441716 0.338668
0.436928 0.419786
0.49993 0.435961
0.519536 0.495548
0.53884 0.549702
0.364377 0.435946
0.359386 0.492849
0.354368 0.549567
0.475955 0.533457
0.475777 0.6174
0.466111 0.701142
0.402956 0.536095
0.398282 0.622724
0.398049 0.704011
0.437079 0.484758
next pose
0.437107 0.338627
0.43673 0.419646
0.49041 0.433243
0.519297 0.49822
0.524176 0.552408
0.36406 0.433283
0.354662 0.490224
0.34964 0.549588
0.475882 0.533413
0.475642 0.620053
0.470748 0.703871
0.398405 0.53606
0.398305 0.622739
0.398108 0.706513
0.436946 0.484721
next pose
0.437061 0.338604
0.43222 0.419634
0.490352 0.43331
0.519291 0.492862
0.51932 0.546875
0.359643 0.433291
0.359136 0.492861
0.344826 0.549666
0.475687 0.533488
0.475589 0.622665
0.470756 0.701227
0.398225 0.536132
0.398192 0.625369
0.398161 0.703966
0.436784 0.484765
next pose
0.436889 0.338609
0.432131 0.419596
0.48555 0.427923
0.51476 0.492778
0.519291 0.546897
0.35963 0.433246
0.35444 0.492778
0.339973 0.549537
0.475605 0.536075
0.47562 0.622662
0.466025 0.701238
0.398158 0.536156
0.39828 0.62537
0.398068 0.703939
0.436691 0.484742
next pose
0.436742 0.338685
0.432108 0.419704
0.490226 0.435945
0.519178 0.495504
0.514534 0.549571
0.359569 0.43329
0.344927 0.490227
0.330501 0.54952
0.475543 0.533471
0.475523 0.622714
0.461272 0.701197
0.398054 0.536068
0.398249 0.622707
0.398013 0.703938
0.43218 0.484745
next pose
0.436712 0.341268
0.431945 0.417094
0.485388 0.430579
0.514589 0.492813
0.514533 0.546908
0.359493 0.433297
0.335251 0.49286
0.325753 0.549609
0.470924 0.533353
0.470883 0.619938
0.466051 0.701262
0.393314 0.53346
0.398144 0.620002
0.398138 0.703898
0.431992 0.484686
next pose
0.432071 0.34126
0.427328 0.417056
0.485397 0.433281
0.514462 0.495503
0.5145 0.549583
0.359392 0.433304
0.330531 0.495508
0.325653 0.549724
0.470798 0.533441
0.470788 0.620065
0.466094 0.703752
0.393183 0.533493
0.398068 0.622694
0.398122 0.703848
0.427299 0.484731
next pose
0.432056 0.338693
0.427199 0.419662
0.480815 0.43328
0.514431 0.495485
0.514263 0.54958
0.359332 0.433317
0.330507 0.495564
0.325694 0.552258
0.466081 0.533418
0.46616 0.619987
0.461294 0.701173
0.388446 0.536109
0.398048 0.622661
0.398118 0.703896
0.422496 0.484735
next pose
0.427265 0.338699
0.422497 0.419674
0.480802 0.433266
0.514366 0.495475
0.509723 0.546932
0.359245 0.433319
0.330346 0.495476
0.325682 0.549593
0.46117 0.530716
0.470749 0.617317
0.461269 0.701022
0.388404 0.533392
0.398079 0.619956
0.398115 0.703745
0.417655 0.484679
next pose
0.422474 0.341271
0.417523 0.419682
0.480633 0.427922
0.514295 0.492788
0.509715 0.546865
0.354526 0.430626
0.325684 0.492787
0.325663 0.54962
0.451528 0.528045
0.46117 0.617409
0.466017 0.70115
0.374091 0.530726
0.397942 0.61995
0.398127 0.703856
0.412686 0.484561
next pose
0.422336 0.338665
0.412735 0.417096
0.480472 0.425234
0.509746 0.490085
0.509639 0.541536
0.354454 0.430539
0.325698 0.492807
0.325627 0.549688
0.45153 0.527866
0.461194 0.617292
0.461218 0.701045
0.369319 0.528032
0.393278 0.617391
0.398219 0.703844
0.408084 0.481929
next pose
0.412862 0.338647
0.412699 0.41711
0.480414 0.425181
0.509665 0.487523
0.509668 0.544204
0.354446 0.430615
0.325676 0.49283
0.325574 0.549704
0.451521 0.528008
0.451576 0.617379
0.466117 0.703835
0.373933 0.530704
0.393322 0.61999
0.39821 0.703844
0.408061 0.482027
next pose
0.412862 0.338647
0.412699 0.41711
0.480414 0.425181
0.509665 0.487523
0.509668 0.544204
0.354446 0.430615
0.325676 0.49283
0.325574 0.549704
0.451521 0.528008
0.451576 0.617379
0.466117 0.703835
0.373933 0.530704
0.393322 0.61999
0.39821 0.703844
0.408061 0.482027
next pose
0.412696 0.338674
0.407905 0.417102
0.475905 0.427845
0.509576 0.49011
0.509751 0.544233
0.349754 0.433289
0.32565 0.492845
0.325481 0.549593
0.446729 0.530638
0.446864 0.620059
0.46615 0.703967
0.373915 0.533375
0.39323 0.622675
0.39821 0.703936
0.40787 0.484601
next pose
0.407888 0.338619
0.407868 0.41963
0.47592 0.427893
0.509577 0.490127
0.509738 0.546812
0.349714 0.433325
0.325579 0.492823
0.325513 0.54954
0.446717 0.530816
0.446767 0.620072
0.466158 0.706626
0.373908 0.5361
0.393282 0.625378
0.398194 0.704004
0.407877 0.484695
next pose
0.407823 0.338626
0.403346 0.419651
0.475846 0.425261
0.509522 0.487535
0.514238 0.541507
0.344932 0.435975
0.325518 0.492897
0.325404 0.549613
0.446615 0.530717
0.446778 0.620076
0.465996 0.703861
0.369099 0.53345
0.388507 0.622684
0.398183 0.703874
0.403328 0.484637
next pose
0.407801 0.338648
0.403323 0.419687
0.475832 0.425263
0.509527 0.487437
0.514246 0.533506
0.344859 0.435951
0.325525 0.492891
0.325311 0.549602
0.446761 0.528051
0.446813 0.620031
0.466036 0.703972
0.369184 0.530745
0.388484 0.620038
0.398115 0.703922
0.403372 0.484537
next pose
0.403295 0.338699
0.403255 0.419739
0.475739 0.425243
0.509602 0.487407
0.509633 0.53076
0.344823 0.43593
0.325486 0.49283
0.320832 0.549529
0.446662 0.528036
0.44667 0.619997
0.466091 0.706546
0.369021 0.530731
0.388504 0.622646
0.398198 0.706517
0.403288 0.482039
next pose
0.403259 0.338698
0.403169 0.419631
0.475698 0.425222
0.50489 0.487381
0.514272 0.530689
0.339994 0.433269
0.325371 0.492847
0.320401 0.549578
0.446594 0.528043
0.446694 0.619966
0.461123 0.703811
0.364508 0.530747
0.383637 0.619995
0.398008 0.703896
0.403205 0.48201
next pose
0.403167 0.338681
0.403176 0.419641
0.475754 0.42525
0.509512 0.490056
0.509774 0.533394
0.340006 0.433287
0.325277 0.492856
0.315603 0.546957
0.44206 0.5281
0.446734 0.619966
0.465969 0.703903
0.364368 0.530779
0.378774 0.62002
0.398095 0.703899
0.403161 0.484548
next pose
0.40311 0.338695
0.403141 0.419611
0.475698 0.42786
0.509504 0.487523
0.514276 0.53077
0.34003 0.4333
0.325296 0.49278
0.310893 0.544252
0.442105 0.528064
0.44669 0.620009
0.465975 0.703868
0.364379 0.530706
0.383661 0.62008
0.398109 0.706524
0.403158 0.484526
next pose
0.403136 0.338682
0.403181 0.417095
0.475783 0.427937
0.509613 0.490151
0.51438 0.536086
0.339996 0.433327
0.325284 0.492823
0.310857 0.544204
0.446648 0.530622
0.44677 0.62004
0.466053 0.703947
0.364431 0.530817
0.378823 0.62007
0.398104 0.70388
0.403197 0.484592
next pose
0.403108 0.338673
0.403096 0.419629
0.475689 0.430544
0.509633 0.490057
0.51461 0.533418
0.339976 0.433277
0.320796 0.492774
0.296344 0.541558
0.446654 0.528095
0.446679 0.620059
0.456415 0.703847
0.364384 0.530752
0.378838 0.62002
0.398084 0.703939
0.403167 0.484547
next pose
0.40314 0.341255
0.403085 0.419606
0.475705 0.430538
0.509541 0.487529
0.514646 0.533405
0.335272 0.433295
0.320717 0.492799
0.291717 0.544225
0.44662 0.528062
0.446741 0.619948
0.466027 0.703803
0.364322 0.530739
0.378827 0.619973
0.398068 0.703821
0.403119 0.484536
next pose
0.403103 0.338664
0.403144 0.419627
0.475755 0.430574
0.509695 0.490107
0.514642 0.533364
0.34005 0.433292
0.320709 0.492821
0.291654 0.544247
0.446677 0.528083
0.446692 0.620006
0.466015 0.703902
0.364353 0.530751
0.378842 0.620016
0.398022 0.703949
0.403179 0.484556
next pose
0.40309 0.338668
0.403126 0.419629
0.475758 0.430588
0.509745 0.490134
0.514581 0.53083
0.339987 0.433306
0.320691 0.492838
0.291649 0.544214
0.446651 0.528078
0.446604 0.620055
0.465956 0.703983
0.364299 0.530749
0.383735 0.620061
0.398045 0.706533
0.403149 0.484564
next pose
0.403183 0.338693
0.40314 0.417111
0.475733 0.427921
0.509712 0.490134
0.514611 0.530842
0.340031 0.433273
0.320685 0.492827
0.29165 0.544203
0.446734 0.528052
0.446724 0.620043
0.465998 0.706563
0.364413 0.530727
0.383605 0.619972
0.398058 0.703898
0.40322 0.484529
next pose
0.403098 0.338652
0.403137 0.4196
0.47574 0.427921
0.509707 0.490184
0.514683 0.530843
0.340016 0.433289
0.320734 0.492818
0.291731 0.544186
0.44678 0.528022
0.44668 0.619996
0.465994 0.703955
0.36447 0.530701
0.388382 0.619987
0.398243 0.703927
0.403237 0.482037
next pose
0.403162 0.338693
0.403163 0.419621
0.47576 0.427857
0.509706 0.490127
0.514642 0.53339
0.340069 0.433292
0.320775 0.492841
0.29176 0.544235
0.446815 0.53063
0.446691 0.620059
0.461186 0.703915
0.369108 0.533362
0.393332 0.620057
0.398056 0.703974
0.403285 0.484581
next pose
0.403215 0.338675
0.403158 0.419626
0.475716 0.427874
0.504898 0.487461
0.514656 0.533411
0.34002 0.433314
0.325291 0.492808
0.310904 0.544162
0.44676 0.528083
0.446637 0.619988
0.461261 0.703865
0.364534 0.530752
0.388487 0.620035
0.398125 0.703886
0.40324 0.484535
next pose
0.403163 0.338662
0.403165 0.419617
0.475725 0.42784
0.509524 0.487518
0.514542 0.536063
0.340023 0.433332
0.325323 0.495513
0.310933 0.546978
0.44667 0.530593
0.446593 0.620026
0.470752 0.706562
0.369035 0.530828
0.388472 0.620072
0.398157 0.703897
0.403243 0.484572
next pose
0.403165 0.341255
0.403225 0.419674
0.475763 0.427883
0.509542 0.487521
0.514351 0.530776
0.340071 0.435923
0.325367 0.495552
0.3156 0.549521
0.446692 0.530627
0.446602 0.620026
0.465936 0.70394
0.369069 0.53337
0.393442 0.622673
0.398163 0.704005
0.40327 0.484591
next pose
0.40322 0.338652
0.403165 0.417105
0.475709 0.42523
0.504933 0.487438
0.514319 0.530742
0.340019 0.43327
0.325408 0.495486
0.320406 0.549664
0.442072 0.5306
0.446598 0.619954
0.466026 0.703979
0.364534 0.530836
0.388492 0.620039
0.398137 0.703883
0.403215 0.484554
next pose
0.403232 0.338668
0.403216 0.419638
0.475748 0.425203
0.509534 0.487455
0.509694 0.530814
0.340019 0.435923
0.325556 0.495502
0.320803 0.549575
0.446685 0.530635
0.442069 0.62002
0.46611 0.706565
0.369099 0.533395
0.393324 0.622642
0.398208 0.703929
0.403291 0.484565
next pose
0.403267 0.33867
0.403206 0.419657
0.475699 0.425226
0.504917 0.487403
0.509746 0.530781
0.340036 0.435931
0.325551 0.495488
0.325326 0.549652
0.446705 0.527976
0.446621 0.617348
0.465995 0.701048
0.369031 0.530701
0.393298 0.619989
0.398074 0.703798
0.403285 0.481984
next pose
0.403252 0.338669
0.403223 0.419643
0.475726 0.425193
0.504909 0.487459
0.509797 0.538863
0.340062 0.43595
0.325547 0.495535
0.325505 0.549696
0.446664 0.530612
0.442099 0.617423
0.466095 0.703945
0.369233 0.533379
0.393233 0.622652
0.398262 0.70398
0.403322 0.484564
next pose
0.403307 0.338677
0.403263 0.41969
0.475748 0.425199
0.509495 0.487522
0.509614 0.541507
0.340135 0.435946
0.325559 0.495487
0.325545 0.549675
0.446758 0.530597
0.442097 0.619987
0.465998 0.703981
0.369288 0.533368
0.393211 0.622678
0.39811 0.703992
0.403364 0.484571
next pose
0.403273 0.338668
0.403337 0.419699
0.475817 0.425277
0.509507 0.490071
0.509667 0.544147
0.344891 0.435977
0.325553 0.495506
0.325452 0.549671
0.44673 0.530622
0.44659 0.619987
0.470725 0.703907
0.369244 0.533364
0.388407 0.620065
0.39805 0.703971
0.407819 0.484596
next pose
0.407832 0.33862
0.403301 0.419728
0.47576 0.425257
0.50492 0.487505
0.509684 0.541481
0.344904 0.435967
0.325531 0.492899
0.325456 0.549643
0.446671 0.528075
0.446599 0.619967
0.461223 0.703843
0.369202 0.530804
0.38859 0.622647
0.398189 0.703995
0.403337 0.484568
next pose
0.407811 0.33865
0.407809 0.419695
0.475814 0.42527
0.509554 0.490058
0.509715 0.541515
0.344962 0.436003
0.32554 0.49551
0.325408 0.549679
0.446728 0.530586
0.446667 0.617429
0.466031 0.703978
0.369216 0.53083
0.393176 0.622644
0.398065 0.703988
0.407818 0.484589
next pose
0.40783 0.338656
0.403346 0.419674
0.475826 0.425273
0.509515 0.487503
0.509671 0.538796
0.344934 0.435996
0.325551 0.495513
0.325396 0.54968
0.446841 0.528024
0.446852 0.617392
0.466012 0.701233
0.369239 0.530758
0.393186 0.620026
0.398112 0.703838
0.407843 0.484556
next pose
0.407876 0.338619
0.407827 0.419697
0.475842 0.427865
0.509553 0.490074
0.509716 0.541512
0.34497 0.436021
0.325551 0.495503
0.325369 0.549621
0.446646 0.528063
0.446745 0.617417
0.470751 0.703876
0.369133 0.53078
0.393197 0.620019
0.398027 0.70401
0.403354 0.484578
next pose
0.407804 0.338656
0.407847 0.419647
0.475886 0.427842
0.509517 0.487534
0.509731 0.5388
0.349621 0.435983
0.325538 0.495494
0.325374 0.549622
0.446713 0.528092
0.44685 0.619957
0.4708 0.701221
0.369219 0.530806
0.393164 0.62001
0.398203 0.703944
0.407848 0.484588
next pose
0.407833 0.338625
0.407839 0.419691
0.475934 0.42788
0.509587 0.49008
0.509759 0.541505
0.344944 0.435962
0.325546 0.492893
0.325322 0.549634
0.44681 0.527957
0.451453 0.617337
0.466046 0.701211
0.369214 0.530681
0.393212 0.619935
0.398174 0.703803
0.40786 0.48453
next pose
0.407876 0.33864
0.407813 0.41965
0.475877 0.42786
0.509608 0.490067
0.509758 0.538804
0.344953 0.435951
0.325555 0.495512
0.325406 0.549657
0.451589 0.52788
0.451596 0.617356
0.466064 0.703876
0.373973 0.530607
0.393413 0.620009
0.398172 0.706507
0.407955 0.482002
next pose
0.407907 0.338648
0.407822 0.419683
0.475853 0.42525
0.50967 0.487546
0.514243 0.538804
0.349641 0.435966
0.325523 0.495537
0.325416 0.549705
0.451594 0.52799
0.451477 0.61739
0.466064 0.703822
0.374036 0.530737
0.39343 0.619991
0.398172 0.703934
0.407953 0.484536
next pose
0.407936 0.338636
0.407859 0.417053
0.475902 0.427861
0.50964 0.490082
0.514238 0.538797
0.349639 0.433337
0.325546 0.492865
0.325469 0.549648
0.456293 0.527987
0.451583 0.617402
0.470719 0.703859
0.378779 0.530701
0.39334 0.620021
0.398156 0.704018
0.408031 0.484532
next pose
0.407881 0.338612
0.407857 0.417108
0.475896 0.427893
0.509664 0.490075
0.514235 0.538823
0.349694 0.433305
0.325554 0.492894
0.325494 0.54969
0.451623 0.527947
0.451481 0.617321
0.465976 0.701251
0.374037 0.530653
0.393192 0.619942
0.398095 0.703868
0.407981 0.482033
next pose
0.407882 0.338659
0.407878 0.419623
0.475914 0.42788
0.509663 0.490125
0.509756 0.538864
0.349708 0.433328
0.325651 0.492887
0.325504 0.549622
0.451522 0.52806
0.451459 0.617404
0.466068 0.703782
0.378766 0.530767
0.39329 0.619944
0.398103 0.703893
0.407979 0.484577
next pose
0.407973 0.338646
0.407873 0.419635
0.475886 0.427934
0.509586 0.490169
0.509757 0.541521
0.349757 0.433327
0.325665 0.495492
0.32555 0.549704
0.451531 0.530595
0.451468 0.617381
0.46605 0.703788
0.374085 0.530802
0.393312 0.619974
0.398115 0.703836
0.40797 0.484601
next pose
0.407992 0.338638
0.407887 0.419628
0.475903 0.427933
0.509647 0.490174
0.509743 0.541555
0.34972 0.433336
0.325629 0.492893
0.325577 0.549713
0.451532 0.527992
0.451572 0.61729
0.465988 0.698484
0.374012 0.530694
0.393199 0.617359
0.398185 0.701239
0.407973 0.484554
next pose
0.408059 0.338654
0.407895 0.417106
0.475919 0.427909
0.509629 0.490126
0.514234 0.541523
0.349692 0.433265
0.325636 0.49284
0.325601 0.549688
0.45148 0.528003
0.451522 0.619955
0.470823 0.703795
0.373982 0.530712
0.393159 0.619992
0.39817 0.703911
0.407948 0.484542
next pose
0.41266 0.338689
0.407943 0.419681
0.475962 0.427911
0.509753 0.490129
0.514273 0.54149
0.34974 0.433296
0.325638 0.492875
0.325576 0.549685
0.45153 0.52805
0.451504 0.617405
0.461268 0.701228
0.374092 0.530754
0.388515 0.617407
0.39818 0.703788
0.407996 0.484572
next pose
0.40807 0.338655
0.407882 0.419648
0.475914 0.430574
0.50969 0.490212
0.51425 0.544215
0.349718 0.433332
0.325651 0.492863
0.325546 0.549693
0.451462 0.530675
0.451506 0.619943
0.465991 0.701201
0.373904 0.53339
0.388533 0.619984
0.398154 0.70382
0.407936 0.48464
next pose
0.408077 0.338676
0.407934 0.419637
0.47588 0.427886
0.509712 0.490167
0.509748 0.541561
0.349797 0.433319
0.325663 0.495501
0.325568 0.55225
0.451489 0.530617
0.446829 0.619986
0.466073 0.703905
0.373946 0.530827
0.393208 0.620041
0.398204 0.703883
0.407969 0.484604
next pose
0.408051 0.338667
0.407887 0.419654
0.475903 0.427934
0.509661 0.490176
0.509744 0.541543
0.349685 0.433326
0.325623 0.492898
0.32558 0.549666
0.451566 0.528087
0.451465 0.619946
0.466098 0.703762
0.374021 0.530799
0.393167 0.619982
0.39811 0.703886
0.407972 0.484592
next pose
0.412673 0.338674
0.407929 0.419703
0.475932 0.42793
0.509661 0.490165
0.50972 0.541496
0.349729 0.433336
0.325619 0.49289
0.325498 0.549652
0.451607 0.530592
0.451448 0.617397
0.465998 0.703801
0.374068 0.530796
0.393203 0.619972
0.398144 0.703835
0.408014 0.484602
next pose
0.412809 0.338664
0.407931 0.419653
0.475929 0.427917
0.509616 0.490147
0.50978 0.541486
0.349688 0.433313
0.325629 0.492853
0.325463 0.549594
0.451616 0.528034
0.451548 0.617393
0.466082 0.701253
0.378768 0.530732
0.393288 0.619979
0.398204 0.703812
0.408009 0.484562
next pose
0.412699 0.338677
0.407996 0.419599
0.475963 0.427939
0.509712 0.490123
0.509778 0.538848
0.34978 0.433294
0.325612 0.492854
0.325451 0.549593
0.451518 0.527966
0.451462 0.617385
0.465939 0.703799
0.374017 0.530658
0.393262 0.619982
0.398295 0.703816
0.40801 0.484524
next pose
0.412729 0.338618
0.407924 0.419603
0.475945 0.427927
0.509635 0.490182
0.509722 0.541526
0.34968 0.433287
0.325648 0.49288
0.325483 0.549599
0.451487 0.527978
0.451476 0.61732
0.465931 0.70375
0.374015 0.530667
0.39322 0.619938
0.398197 0.703804
0.407946 0.484534
next pose
0.412854 0.33867
0.407979 0.419611
0.475932 0.427933
0.509611 0.492783
0.50978 0.544213
0.349794 0.433291
0.32564 0.492891
0.325487 0.549665
0.446811 0.530643
0.451505 0.61994
0.466068 0.703831
0.373905 0.533363
0.393215 0.620016
0.398177 0.703891
0.407943 0.484619
next pose
0.408079 0.338674
0.407944 0.419705
0.475941 0.4279
0.509616 0.4928
0.509767 0.54416
0.349746 0.433334
0.32567 0.492896
0.325458 0.54962
0.451453 0.530672
0.451453 0.617348
0.466027 0.701212
0.373971 0.533394
0.393327 0.62002
0.398148 0.703827
0.40795 0.484632
next pose
0.412762 0.338701
0.408041 0.419685
0.480414 0.427924
0.509645 0.492779
0.509722 0.544173
0.349775 0.435934
0.32565 0.495499
0.32552 0.549644
0.451567 0.528084
0.45147 0.617302
0.465979 0.701078
0.374072 0.530796
0.393367 0.619957
0.398236 0.703813
0.408024 0.484605
next pose
0.4128 0.338644
0.408005 0.41961
0.475981 0.427895
0.50964 0.490149
0.514261 0.54152
0.349766 0.433246
0.32566 0.492871
0.325506 0.549673
0.45158 0.528009
0.446875 0.619996
0.465985 0.703934
0.378776 0.530699
0.393331 0.62001
0.398191 0.703929
0.408032 0.484542
next pose
0.412804 0.338676
0.408038 0.419646
0.475983 0.427881
0.509719 0.490201
0.509723 0.544177
0.349812 0.433247
0.325657 0.492863
0.325484 0.549595
0.451571 0.528049
0.446783 0.619949
0.466095 0.703987
0.378768 0.530757
0.393388 0.620022
0.398113 0.703913
0.408039 0.484563
next pose
0.412865 0.338657
0.408004 0.419622
0.475921 0.425282
0.509628 0.49012
0.509774 0.541503
0.349801 0.433244
0.325648 0.492871
0.325519 0.549637
0.451564 0.528043
0.451535 0.619954
0.466062 0.703864
0.374078 0.530754
0.393302 0.620013
0.398096 0.703929
0.407996 0.484548
next pose
0.417517 0.33864
0.407969 0.419649
0.475942 0.427858
0.509663 0.490143
0.514292 0.544167
0.34972 0.433266
0.325663 0.492892
0.325477 0.549645
0.451576 0.52808
0.451528 0.619995
0.470718 0.703902
0.374038 0.530808
0.393334 0.620024
0.398197 0.703882
0.407998 0.484576
next pose
0.412756 0.338625
0.407947 0.419644
0.475923 0.427843
0.509696 0.490136
0.514262 0.544151
0.349724 0.433252
0.325629 0.492892
0.3255 0.549674
0.451458 0.527976
0.451449 0.617389
0.461293 0.701243
0.373949 0.530696
0.393367 0.62
0.398189 0.703856
0.407938 0.482041
next pose
0.412798 0.338624
0.408041 0.419627
0.475969 0.427843
0.509708 0.490127
0.514248 0.544161
0.349807 0.433264
0.325607 0.495482
0.325453 0.549681
0.451497 0.528041
0.446861 0.617414
0.466075 0.703865
0.373931 0.530751
0.393305 0.619991
0.398177 0.703827
0.407983 0.484556
next pose
0.417641 0.338646
0.408043 0.419669
0.475992 0.427885
0.509697 0.492769
0.509736 0.541545
0.349745 0.433252
0.325656 0.492896
0.325449 0.54961
0.451543 0.528046
0.451453 0.617381
0.461303 0.701243
0.374076 0.530734
0.393306 0.619969
0.398221 0.703774
0.408011 0.484561
next pose
0.417544 0.338619
0.407967 0.419615
0.475921 0.427851
0.509681 0.490126
0.514252 0.541486
0.349739 0.43325
0.325602 0.492857
0.325467 0.549641
0.446869 0.528091
0.446885 0.619961
0.465966 0.703837
0.374062 0.530808
0.393355 0.620046
0.398237 0.703895
0.407961 0.484572
next pose
0.417515 0.338639
0.408017 0.419619
0.475963 0.427902
0.509738 0.490179
0.50979 0.54152
0.349778 0.433264
0.325613 0.492866
0.325514 0.54962
0.45153 0.52805
0.446762 0.617413
0.461306 0.703863
0.378756 0.530749
0.393252 0.620016
0.398182 0.703991
0.40801 0.484566
next pose
0.417538 0.338643
0.40803 0.419597
0.480385 0.425278
0.509718 0.490138
0.514252 0.541507
0.349735 0.433246
0.325608 0.492863
0.32541 0.549606
0.4563 0.528037
0.44688 0.617393
0.465932 0.701215
0.378876 0.530741
0.393384 0.619964
0.398027 0.701248
0.408066 0.484545
next pose
0.41286 0.338659
0.407996 0.419641
0.475999 0.425272
0.509728 0.490099
0.514241 0.538858
0.349733 0.433261
0.325605 0.492848
0.325461 0.549581
0.45152 0.527967
0.446861 0.617403
0.465939 0.703782
0.378752 0.530659
0.393286 0.619937
0.398075 0.703818
0.408023 0.48203
next pose
0.412848 0.338664
0.408001 0.419689
0.475954 0.427897
0.509615 0.490196
0.509778 0.541552
0.349743 0.433306
0.325604 0.492864
0.325465 0.549624
0.451527 0.528007
0.451496 0.617336
0.466011 0.701108
0.373996 0.530714
0.393336 0.619971
0.39815 0.703904
0.407964 0.484551
next pose
0.417624 0.338669
0.408034 0.417106
0.47598 0.427835
0.509672 0.490159
0.509714 0.54148
0.349749 0.430621
0.325599 0.49284
0.325473 0.549606
0.451565 0.527989
0.446851 0.61739
0.461316 0.70118
0.378837 0.530698
0.393374 0.620056
0.398212 0.703947
0.408038 0.482043
next pose
0.412846 0.338653
0.407993 0.419684
0.475978 0.427921
0.509794 0.490169
0.514253 0.541519
0.349758 0.433339
0.325632 0.495484
0.325438 0.549624
0.451467 0.528043
0.451503 0.617368
0.461233 0.698486
0.374026 0.530747
0.393401 0.620013
0.398185 0.703841
0.407963 0.48457
next pose
0.417531 0.338644
0.408042 0.419631
0.480379 0.427916
0.509735 0.490184
0.509742 0.541531
0.349789 0.430615
0.325639 0.492841
0.32546 0.549608
0.45155 0.528021
0.451578 0.61735
0.461264 0.701185
0.374079 0.530706
0.393371 0.619971
0.398186 0.703887
0.408012 0.484545
next pose
0.417504 0.338614
0.408089 0.419643
0.480416 0.427842
0.509787 0.490117
0.514272 0.54153
0.349781 0.433292
0.325646 0.492876
0.325449 0.549593
0.456322 0.528036
0.451586 0.617407
0.465974 0.701251
0.383572 0.530738
0.393408 0.620001
0.398216 0.703847
0.408104 0.484561
next pose
0.417543 0.338658
0.408066 0.419693
0.480413 0.427904
0.509729 0.490207
0.509731 0.544215
0.349798 0.433274
0.325614 0.492856
0.325479 0.549617
0.451498 0.52803
0.446734 0.617383
0.466088 0.703785
0.373943 0.53073
0.393183 0.619993
0.398229 0.703907
0.407989 0.484558
next pose
0.417626 0.338635
0.408073 0.419625
0.480385 0.425237
0.509764 0.49012
0.50974 0.541495
0.349793 0.433246
0.325623 0.492867
0.325415 0.549608
0.451505 0.527999
0.44682 0.617384
0.465942 0.703754
0.373951 0.530687
0.388586 0.619969
0.398175 0.703844
0.408025 0.482034
next pose
0.417627 0.338651
0.408076 0.419627
0.475969 0.425239
0.514288 0.490091
0.509768 0.538851
0.349798 0.433313
0.325598 0.492871
0.325491 0.549628
0.451578 0.528051
0.446881 0.619958
0.465974 0.703806
0.374095 0.530782
0.388583 0.619992
0.398105 0.703761
0.408024 0.484564
next pose
0.412806 0.33861
0.408088 0.419645
0.480438 0.427889
0.509789 0.490214
0.509702 0.544189
0.354375 0.433261
0.325607 0.492863
0.325494 0.549613
0.451543 0.528026
0.446846 0.617312
0.461309 0.701193
0.374068 0.530715
0.393183 0.619955
0.398315 0.703863
0.408056 0.484554
next pose
0.412859 0.338647
0.408085 0.419604
0.480384 0.425264
0.514266 0.4901
0.509777 0.541481
0.354377 0.433251
0.325574 0.492833
0.325509 0.549609
0.451588 0.527988
0.44682 0.617369
0.46595 0.7038
0.378757 0.530685
0.393289 0.61993
0.398179 0.703864
0.40807 0.484524
next pose
0.422426 0.338685
0.412666 0.41961
0.480401 0.427841
0.514252 0.490087
0.514311 0.541522
0.349795 0.433246
0.325546 0.49282
0.325451 0.549565
0.451528 0.530665
0.451459 0.617407
0.465942 0.701192
0.373927 0.533396
0.393155 0.620005
0.398035 0.70394
0.407998 0.484602
next pose
0.417669 0.338679
0.408066 0.419651
0.475978 0.425226
0.509743 0.487368
0.514425 0.53877
0.354417 0.430601
0.325509 0.49023
0.32538 0.549585
0.451529 0.530596
0.451444 0.617397
0.46606 0.703812
0.37389 0.530823
0.393153 0.619977
0.398117 0.703856
0.407996 0.484555
next pose
0.422336 0.338657
0.408067 0.417097
0.480414 0.425177
0.514413 0.487386
0.514527 0.525203
0.354422 0.430581
0.32533 0.490146
0.311007 0.533506
0.456369 0.527962
0.45637 0.617359
0.466085 0.703784
0.369022 0.53064
0.3933 0.617427
0.398157 0.703899
0.407999 0.481948
next pose
0.41765 0.338666
0.41269 0.417077
0.480459 0.42521
0.514761 0.4874
0.519349 0.528039
0.354433 0.430539
0.320837 0.487456
0.301243 0.528097
0.461222 0.528003
0.451499 0.617381
0.466084 0.703826
0.369176 0.530653
0.383659 0.617404
0.398194 0.703834
0.408088 0.481959
next pose
0.417655 0.338643
0.412724 0.417079
0.480546 0.430549
0.514773 0.487433
0.519499 0.530653
0.354427 0.427886
0.320615 0.487329
0.291468 0.528069
0.466012 0.530609
0.461167 0.617391
0.466055 0.701043
0.36925 0.530711
0.393198 0.617351
0.398143 0.70389
0.408104 0.482044
next pose
0.41761 0.338668
0.412714 0.417022
0.48058 0.43056
0.519238 0.487352
0.533956 0.525222
0.354433 0.427906
0.320426 0.484668
0.286653 0.51451
0.466075 0.533376
0.456317 0.619944
0.466054 0.70382
0.369176 0.536129
0.388589 0.617422
0.398125 0.703903
0.408047 0.484674
next pose
0.412758 0.338648
0.412745 0.417043
0.480671 0.430622
0.519259 0.487291
0.5532 0.525215
0.354409 0.430548
0.32035 0.484656
0.301185 0.506236
0.47075 0.533411
0.456367 0.620028
0.466044 0.703833
0.369104 0.536121
0.393199 0.619956
0.398206 0.703884
0.408118 0.484684
next pose
0.407992 0.338612
0.40806 0.417084
0.480766 0.430614
0.519485 0.484725
0.553342 0.517126
0.344873 0.435984
0.301328 0.482002
0.320552 0.446824
0.465991 0.533473
0.456366 0.622731
0.470723 0.703969
0.364313 0.538859
0.393298 0.62004
0.398021 0.703949
0.407945 0.484748
next pose
0.408079 0.338678
0.408022 0.417025
0.480687 0.427949
0.519443 0.484649
0.553234 0.509058
0.340018 0.425187
0.291581 0.471228
0.325423 0.435953
0.470789 0.533356
0.465986 0.620053
0.465952 0.701242
0.364518 0.536128
0.393294 0.619976
0.398197 0.703968
0.408016 0.484634
next pose
0.407989 0.341299
0.408094 0.417102
0.480664 0.427934
0.519537 0.484695
0.553353 0.511707
0.354402 0.42791
0.286988 0.46569
0.32568 0.416997
0.470765 0.530655
0.466022 0.620045
0.466042 0.703836
0.369058 0.533371
0.393447 0.619955
0.398184 0.703986
0.408109 0.48457
next pose
0.407838 0.338688
0.408028 0.41706
0.480619 0.427917
0.519611 0.48472
0.553411 0.517177
0.354368 0.425219
0.291572 0.460273
0.335181 0.406266
0.470821 0.530659
0.466086 0.620009
0.466056 0.703774
0.364405 0.53082
0.393253 0.62001
0.398179 0.704005
0.408083 0.482036
next pose
0.403293 0.338559
0.412645 0.417016
0.480766 0.427938
0.519542 0.487315
0.553239 0.527855
0.349711 0.419787
0.291749 0.438743
0.359335 0.39812
0.475558 0.530701
0.470867 0.619982
0.470745 0.701105
0.383682 0.533356
0.398016 0.61996
0.398204 0.703959
0.417563 0.481945
next pose
0.403232 0.336045
0.412812 0.414361
0.480862 0.430563
0.519527 0.487487
0.553147 0.530627
0.354487 0.417048
0.296474 0.43332
0.36419 0.39801
0.475543 0.530606
0.470772 0.619986
0.466055 0.703787
0.383655 0.530665
0.398071 0.617391
0.398171 0.706549
0.417662 0.47925
next pose
0.407936 0.336036
0.412794 0.408978
0.480699 0.425211
0.519581 0.487465
0.529131 0.525253
0.354543 0.414332
0.301208 0.427863
0.369119 0.392692
0.475493 0.527952
0.466147 0.61734
0.466058 0.703782
0.378881 0.527937
0.398116 0.61732
0.398082 0.70651
0.417589 0.471184
next pose
0.412839 0.336008
0.417594 0.414389
0.48078 0.425177
0.519573 0.487461
0.524305 0.527993
0.35461 0.417003
0.30599 0.425268
0.369141 0.395333
0.475511 0.530591
0.470846 0.620001
0.470737 0.703829
0.378828 0.528048
0.398079 0.617318
0.398241 0.703965
0.417694 0.473921
next pose
0.417655 0.336039
0.417524 0.414302
0.480846 0.422614
0.519404 0.487506
0.514616 0.527903
0.354434 0.414368
0.306073 0.425253
0.369261 0.395346
0.470961 0.530659
0.46613 0.619944
0.470991 0.701222
0.373975 0.530677
0.398097 0.619969
0.398355 0.703885
0.417611 0.476535
next pose
0.427228 0.338542
0.417538 0.416994
0.480719 0.422426
0.519309 0.487415
0.514717 0.533409
0.354549 0.414335
0.301309 0.427839
0.369201 0.395331
0.47552 0.528082
0.466043 0.61734
0.475491 0.703879
0.378867 0.528053
0.398001 0.617359
0.398266 0.703897
0.417605 0.471199
next pose
0.427276 0.33596
0.422371 0.4143
0.485453 0.422532
0.519337 0.487535
0.514537 0.536114
0.359197 0.411665
0.301213 0.427875
0.369256 0.395323
0.470847 0.528062
0.470739 0.617407
0.470931 0.703916
0.378724 0.528035
0.398151 0.617376
0.398167 0.703848
0.417654 0.471209
next pose
0.427243 0.336007
0.422458 0.416976
0.485601 0.422605
0.51932 0.490115
0.514309 0.536062
0.359292 0.414317
0.301153 0.430553
0.364498 0.395328
0.470935 0.530603
0.47082 0.617372
0.470946 0.70386
0.378894 0.528064
0.398277 0.617328
0.398169 0.703787
0.42244 0.473901
next pose
0.427187 0.335943
0.431975 0.414399
0.495146 0.425196
0.519419 0.49014
0.514256 0.533416
0.35955 0.417017
0.296353 0.435951
0.364486 0.392722
0.470874 0.530816
0.470858 0.617328
0.475547 0.703826
0.378871 0.53075
0.398281 0.617315
0.398094 0.70384
0.427218 0.481883
next pose
0.436762 0.335971
0.432042 0.417002
0.495213 0.425269
0.519566 0.490154
0.514251 0.533468
0.359532 0.419771
0.291683 0.444012
0.364537 0.398059
0.466106 0.536155
0.470935 0.619934
0.470993 0.70118
0.374069 0.533484
0.398329 0.619929
0.39821 0.701262
0.422467 0.484555
next pose
0.436884 0.335979
0.427215 0.414397
0.495264 0.425278
0.519617 0.490124
0.514259 0.536106
0.354499 0.422409
0.291468 0.446895
0.364444 0.403485
0.470805 0.538853
0.475484 0.619933
0.470771 0.701245
0.378789 0.538796
0.39838 0.622644
0.398168 0.703854
0.422381 0.484641
next pose
0.43703 0.335939
0.432142 0.411602
0.509511 0.427912
0.524214 0.490082
0.514247 0.533467
0.359243 0.422517
0.286777 0.460378
0.364399 0.419844
0.470741 0.544178
0.475539 0.620025
0.47081 0.703802
0.378829 0.541495
0.398386 0.622703
0.397971 0.703884
0.427221 0.48474
next pose
0.436904 0.335848
0.436841 0.411599
0.509703 0.427916
0.524325 0.490129
0.51434 0.536103
0.364148 0.425168
0.296464 0.463164
0.34006 0.444173
0.470979 0.538768
0.470949 0.620029
0.471004 0.703798
0.388457 0.536104
0.398244 0.620037
0.3981 0.703812
0.432124 0.484674
next pose
0.436927 0.335905
0.436866 0.419652
0.509735 0.42794
0.529006 0.490147
0.514738 0.544241
0.35959 0.430581
0.306138 0.484554
0.33511 0.468553
0.475622 0.549522
0.470996 0.625369
0.475478 0.701208
0.383653 0.546836
0.398072 0.622709
0.398208 0.703758
0.436695 0.48736
next pose
0.436927 0.335905
0.436866 0.419652
0.509735 0.42794
0.529006 0.490147
0.514738 0.544241
0.35959 0.430581
0.306138 0.484554
0.33511 0.468553
0.475622 0.549522
0.470996 0.625369
0.475478 0.701208
0.383653 0.546836
0.398072 0.622709
0.398208 0.703758
0.436695 0.48736
next pose
0.436922 0.335954
0.436898 0.419686
0.509715 0.430595
0.524293 0.490207
0.519476 0.538841
0.364067 0.433261
0.325596 0.484721
0.34966 0.500908
0.475765 0.536147
0.47565 0.625432
0.47547 0.703798
0.398055 0.533491
0.398125 0.625412
0.398193 0.703966
0.4369 0.484702
next pose
0.436881 0.336047
0.436854 0.419801
0.50965 0.433291
0.529091 0.495507
0.524401 0.538773
0.364107 0.435952
0.325747 0.487476
0.359205 0.530706
0.475656 0.538797
0.475746 0.622645
0.470899 0.695773
0.39801 0.538775
0.398255 0.628069
0.398306 0.703917
0.436798 0.484783
next pose
0.432076 0.354857
0.436905 0.441332
0.51432 0.441509
0.538714 0.503643
0.543553 0.552469
0.359636 0.444145
0.354441 0.50903
0.354626 0.571143
0.475524 0.549676
0.47566 0.63886
0.475663 0.717369
0.398103 0.552246
0.398374 0.636222
0.398183 0.70654
0.436819 0.498265
next pose
0.422465 0.35758
0.436733 0.446775
0.514328 0.446889
0.543547 0.511723
0.543591 0.568525
0.359364 0.457673
0.354469 0.522549
0.359366 0.576704
0.470991 0.574123
0.466146 0.657823
0.475827 0.730905
0.398004 0.576664
0.403116 0.657817
1 0
0.436711 0.514471
next pose
0.422336 0.36837
0.432238 0.460261
0.509707 0.45757
0.543654 0.514444
0.54835 0.5739
0.35936 0.463175
0.354634 0.528091
0.35941 0.590128
0.475561 0.590235
0.475576 0.660641
1 0
0.398365 0.59022
1 0
1 0
0.436848 0.527889
next pose
0.408012 0.379145
0.43675 0.465781
0.509612 0.46298
0.548488 0.527836
0.534 0.587515
0.35947 0.473896
0.359222 0.536135
0.359491 0.595532
0.475538 0.592965
0.470919 0.6579
1 0
0.398319 0.592929
1 0
1 0
0.436914 0.530656
next pose
0.407881 0.403479
0.432204 0.490061
0.509519 0.484615
0.524404 0.549735
0.519643 0.611844
0.359417 0.500911
0.364053 0.563153
0.364314 0.611921
0.475915 0.60909
1 0
1 0
0.402902 0.611765
1 0
1 0
0.436934 0.54965
next pose
0.407864 0.419834
0.436759 0.503568
0.509627 0.487394
0.519533 0.555048
0.524145 0.614667
0.359331 0.503663
0.364081 0.5685
0.369117 0.617255
0.475709 0.614444
1 0
1 0
0.403002 0.611914
1 0
1 0
0.436912 0.552362
next pose
0.407918 0.427881
0.432182 0.509127
0.50484 0.490155
0.519335 0.557787
0.519326 0.619999
0.359294 0.509128
0.364139 0.574101
0.369142 0.62813
0.475753 0.598369
0.446866 0.657795
0.470839 0.712002
0.398307 0.598397
1 0
1 0
0.436853 0.552344
next pose
0.398349 0.441394
0.43676 0.517137
0.504861 0.500973
0.514565 0.57396
0.509706 0.641591
0.359202 0.509133
0.35953 0.573994
0.388455 0.636158
0.475826 0.606444
1 0
1 0
0.398103 0.611791
1 0
1 0
0.436822 0.555078
next pose
0.398146 0.444229
0.432132 0.527878
0.504718 0.506265
0.514339 0.574069
0.504746 0.638882
0.354615 0.517176
0.364157 0.587538
0.38365 0.63898
0.475661 0.595713
0.466111 0.660652
0.480486 0.72266
0.402961 0.601046
1 0
1 0
0.436819 0.555027
next pose
0.398045 0.449578
0.431977 0.530687
0.504778 0.508975
0.514297 0.57669
0.490352 0.638846
0.349798 0.530659
0.364283 0.601016
1 0
0.470998 0.611818
0.470733 0.674036
1 0
0.398237 0.614589
1 0
1 0
0.43202 0.568559
next pose
0.398042 0.452192
0.432 0.530718
0.509506 0.511781
0.509641 0.587551
0.480743 0.638874
0.34975 0.527991
0.364457 0.611818
0.393162 0.698446
0.470946 0.590262
0.465987 0.657857
0.480614 0.717384
0.398167 0.592816
1 0
1 0
0.432151 0.552396
next pose
0.393323 0.44952
0.427266 0.530644
0.504803 0.50911
0.500013 0.590153
0.46121 0.641599
0.34 0.53062
0.364333 0.603734
0.388505 0.698371
0.475617 0.606428
1 0
1 0
0.397986 0.611888
1 0
1 0
0.432042 0.5659
next pose
0.388398 0.44683
0.427287 0.528084
0.504728 0.508988
0.495111 0.590158
0.446784 0.639042
0.335299 0.527923
0.364444 0.60373
0.388575 0.698415
0.475699 0.603721
1 0
1 0
0.398004 0.606442
1 0
1 0
0.43212 0.560511
next pose
0.38852 0.444015
0.427275 0.525341
0.504722 0.506426
0.485652 0.584792
0.446712 0.638881
0.335216 0.519846
0.364318 0.595725
0.393327 0.695763
0.470946 0.606424
1 0
1 0
0.388564 0.606468
1 0
1 0
0.43193 0.557729
next pose
0.393269 0.438729
0.422521 0.519858
0.499961 0.503679
0.485573 0.576784
0.44659 0.636207
0.339954 0.511849
0.36456 0.592936
1 0
0.475503 0.611805
0.466125 0.679473
0.480607 0.728208
0.393228 0.614518
1 0
1 0
0.431975 0.557799
next pose
0.398331 0.422597
0.417515 0.509112
0.50006 0.490172
0.485474 0.573896
0.441846 0.63344
0.330529 0.508948
0.364071 0.57945
1 0
0.47087 0.60648
0.461142 0.676837
1 0
0.383599 0.611827
1 0
1 0
0.427184 0.552402
next pose
0.398262 0.417018
0.417608 0.503604
0.504781 0.484743
0.490233 0.565819
0.451485 0.633413
0.33528 0.506327
0.359607 0.584776
1 0
0.475569 0.617282
1 0
1 0
0.39797 0.622666
1 0
1 0
0.432011 0.555038
next pose
0.403152 0.400732
0.417601 0.487307
0.504756 0.47925
0.504769 0.555047
0.475518 0.620048
0.344812 0.498185
0.359302 0.571399
0.364165 0.633495
0.470741 0.617259
1 0
1 0
0.39798 0.620016
1 0
1 0
0.431946 0.552339
next pose
0.403281 0.395347
0.422483 0.479326
0.509539 0.468554
0.50967 0.549668
0.475907 0.617205
0.344921 0.487517
0.344809 0.560491
0.359404 0.62266
0.456363 0.614622
0.436979 0.68213
1 0
0.393245 0.61728
1 0
1 0
0.427162 0.549635
next pose
0.412691 0.376455
0.431939 0.463072
0.509655 0.462984
0.514763 0.533446
0.495137 0.601054
0.354483 0.468481
0.330252 0.5442
0.349597 0.611827
0.465984 0.595626
0.446712 0.676776
0.475859 0.736326
0.383688 0.595746
0.402893 0.679468
1 0
0.427287 0.530716
next pose
0.422402 0.368354
0.427298 0.460245
0.509717 0.460295
0.519275 0.53069
0.500005 0.595562
0.344831 0.465646
0.330271 0.536139
0.330306 0.603734
0.461298 0.595755
0.44664 0.668739
0.475935 0.728276
0.383634 0.598424
0.402967 0.674101
1 0
0.427169 0.530668
next pose
0.432076 0.360255
0.43198 0.446773
0.514254 0.446923
0.519607 0.527848
0.509651 0.590263
0.349639 0.460345
0.325614 0.527957
0.325557 0.595652
0.466091 0.590233
0.446725 0.663292
0.475778 0.728173
0.388436 0.592862
0.398158 0.663279
0.403067 0.706661
0.427336 0.525266
next pose
0.432195 0.35206
0.436933 0.433278
0.514729 0.444245
0.524191 0.51186
0.519365 0.576671
0.359272 0.44679
0.325518 0.514455
0.320734 0.582127
0.470941 0.557809
0.456467 0.649717
0.475592 0.722691
0.383623 0.560486
0.388417 0.644328
0.398248 0.706581
0.432127 0.506296
next pose
0.437067 0.341368
0.437106 0.425153
0.514757 0.443993
0.533963 0.511738
0.534013 0.571218
0.359522 0.441422
0.325508 0.506329
0.320812 0.573945
0.475731 0.552282
0.470754 0.638901
0.475526 0.714674
0.388445 0.552275
0.378753 0.638873
0.398207 0.706657
0.436844 0.498203
next pose
0.437128 0.338651
0.437138 0.42249
0.514759 0.441293
0.538864 0.508956
0.54365 0.565848
0.359636 0.441284
0.32563 0.500918
0.320859 0.565905
0.475875 0.546905
0.47562 0.633437
0.471007 0.703954
0.393304 0.544251
0.378736 0.633432
0.398431 0.703892
0.436936 0.487541
next pose
0.44183 0.338641
0.441765 0.419809
0.519283 0.438688
0.548266 0.503668
0.553304 0.552377
0.364251 0.436003
0.330366 0.498233
0.320692 0.557765
0.475962 0.549592
0.475582 0.633523
0.475515 0.703949
0.393209 0.546943
0.369233 0.636104
0.398315 0.703875
0.437084 0.487544
next pose
0.441975 0.338544
0.44191 0.4196
0.519372 0.435956
0.548546 0.500908
0.553453 0.549719
0.364381 0.427952
0.335164 0.495481
0.325402 0.552414
0.480485 0.538832
0.475713 0.628141
0.475452 0.706583
0.397987 0.536087
0.369186 0.628118
0.398292 0.703896
0.441628 0.484769
next pose
0.446779 0.335888
0.442002 0.414352
0.519469 0.43331
0.553084 0.495512
0.553544 0.549507
0.364479 0.425257
0.340079 0.490095
0.325462 0.54973
0.480505 0.538807
0.475675 0.625372
0.475458 0.703926
0.398111 0.536081
0.373971 0.630827
0.398121 0.703982
0.441733 0.484735
next pose
0.470801 0.335827
0.451453 0.417036
0.524145 0.433315
0.553405 0.490071
0.558317 0.53613
0.373901 0.425126
0.354501 0.487408
0.335154 0.54689
0.480526 0.533483
0.475737 0.625351
0.470737 0.703803
0.39831 0.533393
0.388433 0.628138
0.39322 0.706546
0.441858 0.484644
next pose
0.470801 0.335827
0.451453 0.417036
0.524145 0.433315
0.553405 0.490071
0.558317 0.53613
0.373901 0.425126
0.354501 0.487408
0.335154 0.54689
0.480526 0.533483
0.475737 0.625351
0.470737 0.703803
0.39831 0.533393
0.388433 0.628138
0.39322 0.706546
0.441858 0.484644
next pose
0.475535 0.335794
0.451604 0.414321
0.51956 0.427908
0.553374 0.487472
0.563102 0.536077
0.383588 0.422446
0.359407 0.487453
0.359212 0.549551
0.480726 0.538846
0.475622 0.625401
0.461214 0.703761
0.402863 0.536103
0.388426 0.633407
0.388366 0.706658
0.441968 0.484632
next pose
0.475724 0.335827
0.451647 0.406282
0.519328 0.422611
0.553138 0.487481
0.567906 0.536083
0.388459 0.422415
0.364302 0.490139
0.369311 0.549749
0.485482 0.538821
0.475587 0.630749
0.466135 0.70398
0.403337 0.536093
0.388452 0.630816
0.37889 0.70122
0.446661 0.484578
next pose
0.475635 0.335879
0.451587 0.408949
0.514659 0.425271
0.533889 0.495476
0.563023 0.538839
0.393214 0.422461
0.364463 0.490058
0.397924 0.54974
0.485443 0.536113
0.470997 0.630761
0.470716 0.706547
0.407975 0.533377
0.393213 0.63082
0.378823 0.701135
0.446665 0.484581
next pose
0.475678 0.335909
0.451537 0.408917
0.514476 0.422571
0.524212 0.492832
0.562961 0.544243
0.393269 0.422511
0.369197 0.490092
0.398328 0.549691
0.485476 0.53349
0.475542 0.63084
0.465985 0.709249
0.403301 0.533386
0.39335 0.625412
0.378726 0.698417
0.446631 0.482042
next pose
0.475561 0.335987
0.442053 0.411588
0.504833 0.419817
0.519271 0.487307
0.553412 0.536163
0.388492 0.422449
0.383685 0.487539
0.437154 0.538802
0.4856 0.528006
0.470926 0.617317
0.466112 0.706514
0.407859 0.527988
0.398029 0.617208
0.378791 0.693003
0.442099 0.473921
next pose
0.470937 0.335996
0.441948 0.40898
0.499945 0.422371
0.514534 0.487307
0.553146 0.541453
0.388421 0.422491
0.388508 0.487517
0.446733 0.533412
0.480798 0.527911
0.470774 0.617219
0.465947 0.703906
0.403049 0.525334
0.388535 0.617213
0.383657 0.690342
0.441939 0.47389
next pose
0.470795 0.33602
0.441748 0.408944
0.495081 0.419748
0.509581 0.484578
1 0
0.378894 0.422426
0.374018 0.4873
0.451535 0.52528
0.485451 0.528092
0.466019 0.617252
0.465931 0.7039
0.403111 0.527977
0.393164 0.617288
0.383753 0.695706
0.441881 0.476564
next pose
0.465941 0.336046
0.441622 0.417006
0.495248 0.41976
0.509723 0.481967
0.519316 0.527888
0.374079 0.42247
0.369223 0.487319
0.466131 0.519843
0.485391 0.53071
0.470847 0.617323
0.466122 0.706517
0.403116 0.530604
0.393355 0.61733
0.388387 0.698392
0.441793 0.479297
next pose
0.45631 0.336036
0.437219 0.414313
0.499992 0.419696
0.51455 0.47385
0.514682 0.511727
0.369323 0.422527
0.373911 0.487308
0.470961 0.509179
0.495133 0.530632
0.470941 0.617233
0.470934 0.703906
0.403163 0.5306
0.393327 0.617264
0.388436 0.698363
0.441958 0.479243
next pose
0.441832 0.335899
0.436857 0.411693
0.490227 0.419766
0.514709 0.471213
0.519532 0.500954
0.364473 0.422567
0.364485 0.484817
0.475846 0.495522
0.480707 0.533448
0.470979 0.617382
0.470947 0.703871
0.402972 0.533379
0.393168 0.619984
0.383718 0.701105
0.441592 0.481954
next pose
0.437145 0.335869
0.436687 0.411641
0.485549 0.422505
0.519199 0.48467
0.514619 0.492865
0.364179 0.422618
0.36425 0.487325
0.475679 0.487492
0.4806 0.533448
0.470927 0.619993
0.475555 0.703797
0.398375 0.536093
0.388562 0.622685
0.383688 0.701099
0.437015 0.484567
next pose
0.436866 0.335853
0.432166 0.408968
0.485505 0.422522
0.519239 0.487483
1 0
0.364178 0.422553
0.364199 0.487314
0.475606 0.484789
0.475651 0.538791
0.470724 0.622743
0.470797 0.703945
0.398014 0.538856
0.388407 0.625353
0.388416 0.703754
0.436801 0.484623
next pose
0.431987 0.335861
0.432015 0.411614
0.485505 0.425214
0.519387 0.487331
1 0
0.359592 0.425137
0.35943 0.487349
0.461174 0.487331
0.475684 0.546838
0.466039 0.622734
0.470813 0.703792
0.393439 0.546844
0.374031 0.62537
0.388408 0.703853
0.436745 0.484835
next pose
0.408009 0.335838
0.422464 0.411604
0.495198 0.43596
0.519485 0.490083
0.40312 0.490145
0.354536 0.43055
0.349741 0.487283
0.451452 0.490087
0.475597 0.549583
0.461263 0.625434
0.47075 0.70665
0.393374 0.546933
0.378901 0.628123
0.37877 0.703919
0.432144 0.487468
next pose
0.403313 0.335912
0.412778 0.414297
0.485488 0.438609
0.524362 0.492788
0.563161 0.549621
0.349651 0.427913
0.325653 0.48736
0.398289 0.509012
0.470823 0.530731
0.465991 0.617336
0.470753 0.703931
0.388554 0.530758
0.378779 0.622655
0.374003 0.704013
0.422408 0.484676
next pose
0.403112 0.335892
0.407871 0.411669
0.480696 0.433266
0.519434 0.487443
0.543582 0.5172
0.344862 0.433306
0.320701 0.490087
0.398133 0.519883
0.466142 0.544194
0.456355 0.622722
0.470736 0.706641
0.388412 0.541484
0.373991 0.625403
0.373993 0.70924
0.412788 0.487339
next pose
0.402839 0.335831
0.403158 0.411599
0.475969 0.43059
0.514518 0.490165
1 0
0.344775 0.430625
0.31582 0.487382
0.306177 0.500893
0.446606 0.544263
0.446855 0.62805
0.466084 0.709237
0.369286 0.546838
0.373908 0.628072
0.383583 0.709255
0.403332 0.487354
next pose
0.397917 0.335795
0.402868 0.411665
0.475739 0.430591
0.480578 0.495547
0.48071 0.549613
0.33994 0.43061
0.306082 0.482025
0.248097 0.506412
0.437153 0.55229
0.446705 0.625419
0.466004 0.703951
0.364302 0.552262
0.36931 0.628117
0.378809 0.706573
0.402975 0.487546
next pose
0.3934 0.335773
0.39836 0.41162
0.475618 0.427852
0.475774 0.49011
0.432071 0.533381
0.330444 0.430592
0.291691 0.484585
0.233349 0.503635
0.441832 0.549606
0.442063 0.630787
0.466121 0.714646
0.3595 0.549696
0.374013 0.628148
0.378794 0.709262
0.402925 0.487472
next pose
0.393159 0.333257
0.398262 0.406264
0.475578 0.42522
0.470935 0.487436
0.383744 0.509037
0.330343 0.425214
0.291626 0.471215
0.247847 0.48743
0.441781 0.541554
0.44662 0.628096
0.466074 0.711971
0.359392 0.544233
0.373991 0.628113
0.383566 0.711938
0.402827 0.48473
next pose
0.393258 0.333263
0.398033 0.406254
0.470948 0.425243
0.44662 0.487505
0.306146 0.48481
0.325293 0.433276
0.281946 0.481963
1 0
0.437187 0.546836
0.446715 0.62542
0.466124 0.711974
0.354572 0.546899
0.36926 0.630784
0.383574 0.709265
0.398029 0.484821
next pose
0.388558 0.333244
0.397918 0.403596
0.466074 0.422439
0.441817 0.48467
0.301307 0.471153
0.320802 0.425143
0.277031 0.468444
1 0
0.437116 0.533483
0.446756 0.62005
0.470812 0.706615
0.349658 0.536145
0.373967 0.625364
0.383659 0.709251
0.393443 0.482025
next pose
0.378793 0.33317
0.393245 0.403516
0.446822 0.41984
0.441663 0.479313
0.315736 0.46306
0.325413 0.422611
0.267338 0.463003
0.218905 0.463125
0.436859 0.533364
0.442021 0.633455
0.47101 0.711964
0.335177 0.536132
0.364519 0.633531
0.383717 0.709323
0.393189 0.481944
next pose
0.373945 0.333191
0.393264 0.403519
0.446755 0.419877
0.436977 0.479305
0.315726 0.460339
0.325514 0.422589
0.267341 0.462939
0.209312 0.463106
0.43706 0.530783
0.441946 0.63077
0.470933 0.712008
0.344939 0.536153
0.369086 0.630768
0.388509 0.711936
0.393346 0.481944
next pose
0.373918 0.333166
0.388571 0.400987
0.446618 0.419762
0.437062 0.481945
0.320497 0.460378
0.325404 0.42261
0.252974 0.4631
0.194638 0.457619
0.437114 0.530761
0.442014 0.630767
0.475518 0.709234
0.354457 0.536103
0.369063 0.622729
0.388477 0.709244
0.393319 0.481881
next pose
0.373959 0.333182
0.388571 0.400997
0.446721 0.422404
0.437001 0.481886
0.320612 0.46305
0.325355 0.425156
0.248096 0.463119
0.170328 0.441313
0.441662 0.533369
0.442045 0.622723
0.470771 0.706615
0.359301 0.538803
0.369129 0.62535
0.383717 0.706661
0.397935 0.481973
next pose
0.373908 0.333213
0.393413 0.403622
0.456293 0.422394
0.441646 0.48463
0.320689 0.468432
0.325651 0.422594
0.28675 0.468481
0.18978 0.449575
0.437117 0.530774
0.442092 0.619966
0.4709 0.701148
0.354579 0.5334
0.369079 0.620006
0.388413 0.70926
0.39798 0.481905
next pose
0.378736 0.333283
0.397918 0.403598
0.465976 0.422557
0.441907 0.484757
0.32552 0.479274
0.325611 0.425131
0.291695 0.471236
0.204132 0.4603
0.437092 0.530617
0.446634 0.61995
0.475552 0.70114
0.359261 0.528077
0.364525 0.617373
0.38372 0.706619
0.398125 0.479264